0,1
400.0,0.0
400.0,0.0
470.6435241699219,0.0
1140.899169921875,-0.327551007270813
1931.9871826171875,-0.5877550840377808
2236.94482421875,-0.48673468828201294
2410.1787109375,-0.44081631302833557
2493.098876953125,-0.4193877577781677
2537.885498046875,-0.4025510251522064
2565.197021484375,-0.388775497674942
2589.578125,-0.3719387650489807
2631.7802734375,-0.36734694242477417
2655.79345703125,-0.35969388484954834
2668.356201171875,-0.35969388484954834
2675.60205078125,-0.3551020324230194
2687.74560546875,-0.35357141494750977
2697.724853515625,-0.35051020979881287
2718.785888671875,-0.3474489748477936
2734.607177734375,-0.3413265347480774
2754.20703125,-0.3382652997970581
2761.353515625,-0.3321428596973419
2764.4638671875,-0.327551007270813
2764.4326171875,-0.32602041959762573
2770.177001953125,-0.32602041959762573
2778.996826171875,-0.3244898021221161
2774.963134765625,-0.3244898021221161
2769.57275390625,-0.3244898021221161
2769.664306640625,-0.3244898021221161
2770.15673828125,-0.32295918464660645
2774.784912109375,-0.32295918464660645
2775.291748046875,-0.3214285671710968
2775.304931640625,-0.3214285671710968
2779.190673828125,-0.3214285671710968
2772.76416015625,-0.3214285671710968
2768.32958984375,-0.3214285671710968
2773.229736328125,-0.3214285671710968
2774.76220703125,-0.3214285671710968
2776.3994140625,-0.3214285671710968
2806.8876953125,-0.3244898021221161
2820.73974609375,-0.32295918464660645
2787.900390625,-0.31683674454689026
2771.3828125,-0.31683674454689026
2772.747314453125,-0.3183673322200775
2773.949951171875,-0.3183673322200775
2787.805908203125,-0.3214285671710968
2789.353271484375,-0.32295918464660645
2783.609619140625,-0.3214285671710968
2781.703857421875,-0.3214285671710968
2771.316650390625,-0.3214285671710968
2770.26708984375,-0.3214285671710968
2747.5665680673346,-0.32755102040816325
2649.784381024584,-0.336734693877551
2575.865101927204,-0.34744897959183674
2558.1034103387474,-0.35051020408163264
2579.5740975659537,-0.3581632653061224
2605.5542249689042,-0.3581632653061224
2614.0809820993704,-0.35357142857142854
2619.316728197863,-0.3520408163265306
2621.053370796004,-0.35051020408163264
2622.3614913513406,-0.35051020408163264
2626.514513786506,-0.3520408163265306
2628.529241294667,-0.3520408163265306
2632.1254156708637,-0.3520408163265306
2636.212947267645,-0.3520408163265306
2633.1877818973626,-0.34897959183673466
2627.3545399971144,-0.34897959183673466
2633.407747579492,-0.3520408163265306
2629.990015685108,-0.3520408163265306
2615.6127383910084,-0.34897959183673466
2629.818908134781,-0.34897959183673466
2656.7913803920446,-0.3520408163265306
2680.689402089588,-0.3520408163265306
2684.475480068426,-0.3520408163265306
2685.602170612111,-0.34897959183673466
2683.454222934866,-0.3443877551020408
2675.6851028680526,-0.34744897959183674
2674.2619563557055,-0.3520408163265306
2675.258265717295,-0.3520408163265306
2668.609547287022,-0.35051020408163264
2660.474376769992,-0.35051020408163264
2653.257076388537,-0.35051020408163264
2655.983422049936,-0.35051020408163264
2664.3137713253554,-0.3520408163265306
2658.032117440316,-0.3520408163265306
2653.731879128035,-0.35357142857142854
2638.935436531103,-0.35357142857142854
2623.3943973813193,-0.3520408163265306
2620.2386788880267,-0.3520408163265306
2613.392890635515,-0.3520408163265306
2600.9306658545993,-0.35357142857142854
2594.8050573982173,-0.35357142857142854
2586.1104489603495,-0.35357142857142854
2577.0177026259635,-0.3551020408163265
2584.506875355247,-0.3551020408163265
2590.2598136728666,-0.3566326530612245
2578.9019418267417,-0.3566326530612245
2579.097134910465,-0.3581632653061224
2578.950740533018,-0.35969387755102045
2573.762295451951,-0.36122448979591837
2560.5291857702186,-0.35969387755102034
2557.7683100900913,-0.36122448979591837
2558.30861193247,-0.3627551020408163
2557.671207328352,-0.3627551020408163
2560.993859021727,-0.3627551020408163
2563.55158655368,-0.3627551020408163
2577.2728498140623,-0.36122448979591837
2578.589912286564,-0.35969387755102034
2562.0743835067988,-0.35969387755102034
2558.4025407377953,-0.36122448979591837
2561.4795697046866,-0.3627551020408163
2563.057602865105,-0.3627551020408163
2563.4841348356686,-0.36122448979591837
2561.940215813769,-0.36122448979591837
2561.727151792118,-0.3627551020408163
2561.5579506109875,-0.3627551020408163
2564.0503437486595,-0.3627551020408163
2569.464165654398,-0.3627551020408163
2559.2386382105824,-0.36122448979591837
2548.87079680831,-0.35969387755102034
2548.990020236837,-0.36122448979591837
2549.9100668784267,-0.3627551020408163
2549.067774147411,-0.3627551020408163
2539.5191260114843,-0.3627551020408163
2530.8038657166717,-0.36122448979591837
2532.5555657696596,-0.36122448979591837
2540.0868568233022,-0.3627551020408163
2545.870499055716,-0.3642857142857143
2550.2980106875457,-0.3642857142857143
2550.72374441213,-0.3627551020408163
2540.9065248367806,-0.36122448979591837
2535.8323355261696,-0.36122448979591837
2539.2851245191246,-0.3627551020408163
2543.330683281497,-0.3642857142857143
2540.9669028561766,-0.3627551020408163
2538.7258527467975,-0.36122448979591837
2551.6507906215747,-0.36122448979591837
2556.658904496536,-0.36122448979591837
2555.6459763835155,-0.3627551020408163
2556.081566063688,-0.3627551020408163
2542.5968861658966,-0.36122448979591837
2537.488914023443,-0.36122448979591837
2549.647608562592,-0.36122448979591837
2554.056663229887,-0.36122448979591837
2542.107111616443,-0.36122448979591837
2519.129909525231,-0.35969387755102034
2488.3614907954325,-0.3627551020408163
2471.4721113270793,-0.3719387755102041
2487.846872016975,-0.37806122448979596
2545.4018547884752,-0.3933673469387755
2609.1142066976427,-0.38112244897959185
2612.2493095012996,-0.36122448979591837
2602.032674616424,-0.3596938775510204
2597.749378539246,-0.3581632653061224
2607.7371962698244,-0.36122448979591837
2616.5727202351864,-0.35510204081632657
2628.4789609080385,-0.35510204081632657
2634.3219929505376,-0.35357142857142854
2638.5533927877527,-0.34897959183673466
2637.4755637156422,-0.34744897959183674
2632.6471251455505,-0.3520408163265306
2647.0651040435587,-0.3520408163265306
2666.102338684127,-0.34744897959183674
2667.8702654909266,-0.34591836734693876
2666.5858211794493,-0.3443877551020408
2658.2623260850805,-0.34285714285714286
2645.8502504888447,-0.3489795918367347
2644.9460019142252,-0.3520408163265306
2649.5829320594644,-0.35051020408163264
2672.857061792649,-0.34897959183673466
2685.6876931574466,-0.3443877551020408
2664.3160974638695,-0.3459183673469388
2647.979380005804,-0.3520408163265306
2652.971910171301,-0.3520408163265306
2669.1021971870887,-0.3489795918367347
2682.502002377868,-0.34744897959183674
2687.5330279376362,-0.3443877551020408
2672.339957024105,-0.3459183673469388
2651.313655852265,-0.3520408163265306
2644.205848917117,-0.35357142857142854
2646.845283819424,-0.3520408163265306
2671.260155804952,-0.35357142857142854
2676.3484307966,-0.3505102040816327
2656.0343236643516,-0.34897959183673466
2646.8250338211838,-0.35357142857142854
2651.3002382480154,-0.35357142857142854
2663.3784319681326,-0.3520408163265306
2670.875718741263,-0.35051020408163264
2665.815485360712,-0.3489795918367347
2654.4232912997795,-0.3505102040816327
2645.6038850448144,-0.3551020408163265
2644.5342934742744,-0.3566326530612245
2648.5539987257466,-0.3566326530612245
2657.669355005458,-0.3581632653061224
2651.0344822317056,-0.3566326530612245
2630.907972154462,-0.35357142857142854
2626.801956365085,-0.3551020408163265
2632.494948107625,-0.35969387755102045
2639.6425410025513,-0.35969387755102045
2650.079495412074,-0.3581632653061224
2646.767903802526,-0.3581632653061224
2630.789319140268,-0.3581632653061224
2627.8623336446035,-0.3581632653061224
2637.7055411863257,-0.35969387755102045
2645.917382949344,-0.35969387755102045
2653.694403609334,-0.35969387755102045
2651.4747982334075,-0.35969387755102045
2643.331820885993,-0.35969387755102045
2641.9962808550704,-0.35969387755102045
2643.20029569675,-0.35969387755102045
2648.6951477000084,-0.35969387755102045
2655.5928586487425,-0.35969387755102045
2652.3483119151133,-0.35969387755102045
2645.4874814608875,-0.35969387755102045
2648.753692594225,-0.35969387755102045
2656.7070183902815,-0.35969387755102045
2660.3577217164975,-0.35816326530612247
2649.7377236775797,-0.35816326530612247
2632.920416231146,-0.35969387755102045
2625.8295671564247,-0.35969387755102045
2633.704947627653,-0.35969387755102045
2648.8582634038967,-0.35969387755102045
2650.92170820714,-0.35816326530612247
2635.4030868492555,-0.35816326530612247
2629.598829968418,-0.35969387755102045
2637.4590382128335,-0.36122448979591837
2643.878508063027,-0.36122448979591837
2649.78534984984,-0.3627551020408163
2644.671089609241,-0.3627551020408163
2632.08078180838,-0.36122448979591837
2629.0498257420995,-0.36122448979591837
2627.047210617412,-0.36122448979591837
2631.000917721469,-0.36122448979591837
2642.277205650438,-0.36122448979591837
2637.6093577642177,-0.36122448979591837
2619.0940023989374,-0.35969387755102045
2614.5564815334465,-0.35969387755102045
2616.2070594206525,-0.3627551020408163
2622.356342099576,-0.3627551020408163
2637.604036997899,-0.3627551020408163
2631.9698130491465,-0.3627551020408163
2619.116024667378,-0.36122448979591837
2619.011731442748,-0.36122448979591837
2615.2453739693174,-0.36122448979591837
2616.6061315896113,-0.36122448979591837
2626.871911811314,-0.3627551020408163
2629.934714769719,-0.3627551020408163
2631.999208636369,-0.3627551020408163
2627.207158714895,-0.3627551020408163
2608.040811401343,-0.36122448979591837
2598.1519048512246,-0.3627551020408163
2607.32891818778,-0.3642857142857143
2613.879510008288,-0.3627551020408163
2599.7240334084045,-0.36122448979591837
2577.9245214490566,-0.3627551020408163
2565.3079625538167,-0.3642857142857143
2568.018311752484,-0.3642857142857143
2579.688984322739,-0.3673469387755102
2584.1536748453973,-0.3673469387755102
2580.7722713271123,-0.3642857142857143
2570.509650604191,-0.3642857142857143
2560.7530648030643,-0.36581632653061225
2565.22457606872,-0.36734693877551017
2583.911546877248,-0.3688775510204082
2590.2603535548596,-0.3673469387755102
2579.3096196180168,-0.36581632653061225
2563.2704112500696,-0.36581632653061225
2551.4618380462643,-0.36581632653061225
2558.4365128904565,-0.36734693877551017
2580.2675573630404,-0.3704081632653061
2596.1106244414304,-0.3688775510204082
2598.1696404630984,-0.36581632653061225
2589.7246704708623,-0.36581632653061225
2578.2374300377787,-0.3642857142857143
2574.774006822632,-0.3642857142857143
2590.934770552309,-0.3673469387755102
2610.452812545416,-0.3673469387755102
2612.159340039122,-0.3642857142857143
2602.478644170479,-0.35051020408163264
2587.592779223982,-0.35051020408163264
2584.2488478236473,-0.3520408163265306
2594.1773772359957,-0.35357142857142854
2592.5386561457926,-0.3520408163265306
2585.7474638537356,-0.3520408163265306
2583.464932181711,-0.3520408163265306
2587.020322381286,-0.3520408163265306
2596.588357338579,-0.35357142857142854
2601.5056370669845,-0.3520408163265306
2611.6315296962616,-0.3520408163265306
2622.473010015923,-0.35357142857142854
2614.9722032165855,-0.3505102040816326
2612.0943819177537,-0.34897959183673466
2616.0084669693624,-0.34897959183673466
2615.0938620039556,-0.34897959183673466
2595.9320216900674,-0.34897959183673466
2593.587175759084,-0.34897959183673466
2614.1059215101945,-0.34897959183673466
2613.485311378554,-0.34897959183673466
2603.1623703057503,-0.34744897959183674
2579.8160559709886,-0.34438775510204084
2533.6380151461726,-0.3489795918367347
2502.8376433058447,-0.35510204081632657
2515.0013853768933,-0.3734693877551021
2576.3489764596916,-0.3918367346938776
2639.5707192514838,-0.3688775510204082
2640.2933247345472,-0.3505102040816327
2630.448534984154,-0.3505102040816327
2653.0904643325525,-0.3535714285714286
2686.422309367092,-0.34744897959183674
2689.989603433054,-0.338265306122449
2691.1961932962745,-0.336734693877551
2686.617466539691,-0.33061224489795915
2673.713653224518,-0.32908163265306123
2674.4834671696444,-0.32908163265306123
2680.748327428575,-0.33214285714285713
2684.4892056573517,-0.33214285714285713
2682.947511534214,-0.33214285714285713
2688.127615553867,-0.33214285714285713
2686.797236484914,-0.33061224489795915
2678.7389200407206,-0.3321428571428571
2680.943113419232,-0.33520408163265303
2686.367706316182,-0.33673469387755106
2685.7736675141623,-0.33520408163265303
2686.6472995100885,-0.3336734693877551
2685.31761238479,-0.3336734693877551
2680.9297093388495,-0.33520408163265303
2679.4112222425892,-0.33673469387755106
2671.9575295175505,-0.338265306122449
2660.368441012927,-0.338265306122449
2649.2080937676537,-0.33979591836734696
2642.9881494016527,-0.34438775510204084
2652.206613220036,-0.34591836734693876
2667.926867043649,-0.3443877551020408
2665.010582707402,-0.34285714285714286
2645.302269935116,-0.34438775510204084
2636.872446884531,-0.34438775510204084
2639.2131634460548,-0.34591836734693876
2638.763021988235,-0.3474489795918367
2645.122564452294,-0.3474489795918367
2653.812846496601,-0.3505102040816326
2646.9803592132366,-0.3505102040816326
2645.0842217896816,-0.34897959183673466
2657.6211186976657,-0.34744897959183674
2673.282040209493,-0.34897959183673466
2690.7221682251748,-0.34591836734693876
2689.9043175438383,-0.34132653061224494
2677.379315274783,-0.34285714285714286
2670.4506928276796,-0.34285714285714286
2672.899887154391,-0.34285714285714286
2693.4232759084575,-0.34744897959183674
2713.056711903492,-0.34285714285714286
2700.7738298376144,-0.336734693877551
2680.624793876394,-0.338265306122449
2676.2723469411167,-0.33979591836734696
2673.5287401530445,-0.34132653061224494
2679.303143586465,-0.34285714285714286
2693.1484931521873,-0.3413265306122449
2695.8842044330713,-0.33979591836734696
2704.9989018786514,-0.34132653061224494
2739.150639212228,-0.338265306122449
2743.5179406098687,-0.3321428571428572
2711.991448067166,-0.32908163265306123
2703.5415865313557,-0.3336734693877551
2713.800588086793,-0.33520408163265303
2725.6882804210436,-0.33061224489795915
2729.708224688232,-0.32908163265306123
2724.3630372447665,-0.33061224489795915
2711.957483283887,-0.33061224489795915
2711.7528941063065,-0.33061224489795915
2722.302255592228,-0.3321428571428571
2726.661298332514,-0.3321428571428571
2722.1490468213287,-0.33061224489795915
2712.915342468582,-0.33061224489795915
2704.7899053627207,-0.3321428571428571
2699.7765408600935,-0.33520408163265303
2701.1149550312775,-0.33673469387755106
2702.509331836757,-0.33673469387755106
2696.4454302291083,-0.338265306122449
2682.2363141426167,-0.3397959183673469
2674.7348445942007,-0.34285714285714286
2676.7008934866094,-0.3443877551020408
2671.9802484787397,-0.3459183673469388
2669.9266214021445,-0.34897959183673466
2673.0812247740014,-0.3520408163265306
2664.836179312018,-0.3505102040816327
2659.556871888561,-0.3505102040816327
2661.5595574235695,-0.3520408163265306
2661.032627174519,-0.3520408163265306
2664.504060812284,-0.3520408163265306
2666.3665871392013,-0.3520408163265306
2658.52133595922,-0.3520408163265306
2650.7540559817926,-0.3520408163265306
2652.1984149915243,-0.35357142857142854
2654.06795551902,-0.35357142857142854
2658.9027451000075,-0.3520408163265306
2662.9370715568216,-0.3520408163265306
2653.7105803448185,-0.3520408163265306
2640.1717485241197,-0.3520408163265306
2637.8856118407875,-0.35357142857142854
2639.8644749640225,-0.35357142857142854
2636.15450514186,-0.35357142857142854
2627.9606180711953,-0.35357142857142854
2619.999739134728,-0.35510204081632657
2614.452886196138,-0.35510204081632657
2610.223881468931,-0.35510204081632657
2610.0985940816827,-0.3566326530612245
2605.9690406460663,-0.3566326530612245
2607.623724945337,-0.35510204081632657
2611.7311060751717,-0.35510204081632657
2608.0149299518544,-0.35510204081632657
2604.6406515363415,-0.35510204081632657
2605.2645823991697,-0.3566326530612245
2596.996016780611,-0.3566326530612245
2586.2513981582947,-0.35510204081632657
2584.7628596460922,-0.35510204081632657
2589.982008717874,-0.35816326530612247
2597.5769278453763,-0.35816326530612247
2600.002796862056,-0.3566326530612245
2590.040287391017,-0.3566326530612245
2586.6978172570416,-0.3566326530612245
2594.478959699368,-0.3566326530612245
2602.088121693943,-0.35816326530612247
2612.302867154669,-0.35816326530612247
2606.515509718669,-0.35816326530612247
2590.926290798293,-0.35969387755102045
2583.9055889829706,-0.35969387755102045
2579.100869203595,-0.35969387755102045
2580.147027239686,-0.35969387755102045
2588.9968829634863,-0.36122448979591837
2592.0324212935834,-0.36122448979591837
2581.7058061220578,-0.35969387755102045
2583.0962334581445,-0.35969387755102045
2589.607294090986,-0.35969387755102045
2583.7734711352978,-0.35969387755102045
2584.8508870410797,-0.36122448979591837
2573.5602283472763,-0.36122448979591837
2553.4929221085495,-0.36122448979591837
2554.7241721372375,-0.3627551020408164
2556.557279991339,-0.36122448979591837
2558.0366156440887,-0.36122448979591837
2570.305349331961,-0.3627551020408164
2576.105179420781,-0.36122448979591837
2580.077685723225,-0.36122448979591837
2588.728615492066,-0.3627551020408164
2589.1710735158713,-0.36122448979591837
2587.893635880715,-0.35969387755102045
2599.7040047749397,-0.35816326530612247
2602.849408682543,-0.35816326530612247
2582.302363099121,-0.35816326530612247
2576.99298883791,-0.3566326530612245
2581.1662933442767,-0.3566326530612245
2583.471671552394,-0.35816326530612247
2580.034212005865,-0.35816326530612247
2563.511674890733,-0.3566326530612245
2522.4463805307078,-0.36122448979591837
2486.971668379403,-0.36581632653061225
2490.9070714089303,-0.3811224489795918
2551.9892086301297,-0.39489795918367343
2606.6889351105506,-0.373469387755102
2607.1094267866138,-0.3581632653061224
2606.779923644219,-0.3581632653061224
2622.6636050585703,-0.3596938775510204
2654.369443635412,-0.35510204081632657
2667.6331899985435,-0.3505102040816327
2665.5684138979886,-0.3505102040816327
2669.1137042869605,-0.34744897959183674
2670.1239781729764,-0.3443877551020408
2668.4024784801577,-0.3459183673469388
2673.9076508486405,-0.3459183673469388
2669.4867171752985,-0.3443877551020408
2665.757801519578,-0.34744897959183674
2678.3073093645294,-0.34744897959183674
2674.555156472004,-0.3443877551020408
2664.7729917737083,-0.34285714285714286
2682.776932854569,-0.34285714285714286
2702.606281553356,-0.34285714285714286
2701.176959006023,-0.34285714285714286
2704.6785510311693,-0.34285714285714286
2703.526977393689,-0.34285714285714286
2692.9376517091982,-0.3443877551020408
2683.1523899281356,-0.34591836734693876
2673.4366034989694,-0.34591836734693876
2679.2817877806838,-0.34744897959183674
2694.681613341668,-0.34744897959183674
2696.5223847244106,-0.3443877551020408
2681.1711279145234,-0.3443877551020408
2668.033217789949,-0.34591836734693876
2663.4716529864377,-0.34744897959183674
2658.391984365813,-0.3489795918367347
2659.470768278612,-0.3489795918367347
2664.590802517282,-0.3489795918367347
2657.1794319965975,-0.3489795918367347
2657.4799034035814,-0.3505102040816327
2658.268762728225,-0.3505102040816327
2653.4673285004137,-0.3535714285714286
2665.417826728371,-0.3566326530612245
2665.1208762743854,-0.3535714285714286
2647.723325368542,-0.3505102040816327
2648.799077786098,-0.35357142857142854
2647.8220479006363,-0.3551020408163265
2644.1160888924323,-0.3566326530612245
2654.3901122534053,-0.35816326530612247
2651.552710957204,-0.35816326530612247
2645.051837825138,-0.35816326530612247
2651.142449297786,-0.35816326530612247
2646.1197605833604,-0.35816326530612247
2641.6561989122865,-0.35816326530612247
2652.5708570615852,-0.35969387755102045
2653.383017341517,-0.35816326530612247
2644.984860195142,-0.35816326530612247
2639.890853693632,-0.35969387755102045
2638.298880285927,-0.36122448979591837
2643.634646744635,-0.36122448979591837
2656.8578062501238,-0.35969387755102045
2659.8325356063892,-0.35816326530612247
2637.1505241935292,-0.35816326530612247
2624.8946798966635,-0.35969387755102045
2635.2767934231433,-0.36122448979591837
2646.0744977916393,-0.36122448979591837
2649.8486987769356,-0.35969387755102045
2644.6154875832335,-0.35969387755102045
2639.0586586331483,-0.36122448979591837
2633.428042008568,-0.3627551020408163
2641.030322351071,-0.3627551020408163
2649.255534444291,-0.36122448979591837
2650.8933879790484,-0.35969387755102045
2650.432097502342,-0.35969387755102045
2636.794983040349,-0.35969387755102045
2632.5376414204566,-0.35969387755102045
2638.0884946198576,-0.36122448979591837
2647.136801751052,-0.3627551020408163
2666.1088799837653,-0.36428571428571427
2666.2268415785156,-0.3627551020408163
2645.291836662455,-0.36122448979591837
2631.6421357928507,-0.3627551020408163
2630.4836887467723,-0.3627551020408163
2623.7279015544436,-0.36122448979591837
2616.904999819997,-0.36122448979591837
2622.181006966531,-0.3627551020408163
2627.9356094592113,-0.3627551020408163
2625.2382660162066,-0.3627551020408163
2616.9024442752425,-0.36122448979591837
2609.100044673228,-0.36122448979591837
2602.9100999010298,-0.36122448979591837
2609.191835743346,-0.36122448979591837
2622.0140608316433,-0.3627551020408163
2631.5528705823826,-0.3627551020408163
2629.804018911789,-0.3627551020408163
2626.9170421914596,-0.3627551020408163
2636.1465099456705,-0.3627551020408163
2638.8599077807967,-0.3627551020408163
2626.0800334525247,-0.3627551020408163
2622.064050731815,-0.3627551020408163
2626.801834181345,-0.3627551020408163
2617.3368392634875,-0.3627551020408163
2606.4287552210144,-0.3627551020408163
2600.698229521797,-0.3505102040816327
2598.204356334968,-0.3505102040816327
2602.451087128255,-0.3505102040816327
2597.3857292087105,-0.3505102040816327
2593.404030404363,-0.3520408163265306
2590.264609427383,-0.3520408163265306
2582.0160955956535,-0.3505102040816327
2623.455621236178,-0.3520408163265306
2689.9502304353477,-0.3413265306122449
2748.18399236817,-0.33061224489795915
2815.4445384276087,-0.3260204081632653
2866.6119473034314,-0.3214285714285714
2850.468225242572,-0.3137755102040817
2805.1535766135194,-0.3107142857142857
2786.906288834858,-0.31377551020408156
2787.2226182287973,-0.3153061224489796
2822.1197417332387,-0.3168367346938775
2869.3526697298616,-0.3168367346938775
2866.5485881446566,-0.3076530612244898
2863.444995122968,-0.3030612244897959
2885.1965959424624,-0.3030612244897959
2887.7396680320735,-0.3030612244897959
2900.41784654471,-0.30612244897959184
2922.0988451260746,-0.3045918367346938
2908.4455457421836,-0.30153061224489797
2883.5778555692104,-0.30153061224489797
2893.4102883731903,-0.30153061224489797
2931.6114285273525,-0.30153061224489797
2958.4227146380617,-0.30153061224489797
2985.628333363753,-0.30153061224489797
2976.3604329367718,-0.29387755102040813
2953.279913870528,-0.2923469387755102
2952.1685715945605,-0.29387755102040813
2959.2748903441693,-0.2923469387755102
2972.734300554509,-0.2923469387755102
2977.112419177276,-0.29081632653061223
2956.03069783274,-0.28928571428571426
2941.246713159273,-0.28928571428571426
2945.7294726111613,-0.28928571428571426
2947.8966576992325,-0.2908163265306123
2958.051100438972,-0.2923469387755102
2947.678045331602,-0.29081632653061223
2911.3283236578045,-0.2908163265306123
2877.835168265568,-0.2954081632653061
2885.4114938806656,-0.30153061224489797
2914.607314283571,-0.30153061224489797
2890.9797160243943,-0.30153061224489797
2842.4951872977085,-0.30153061224489797
2801.228444940868,-0.3030612244897959
2760.044655007204,-0.30612244897959184
2736.418288776469,-0.31224489795918364
2715.0190540340836,-0.3168367346938775
2697.1219637817094,-0.3260204081632653
2677.296820950699,-0.33214285714285713
2122.9990297670374,-0.2778578228918475
996.3120906945154,-0.10030680248368426
400.0,-0.10030680248368426
807.6627910135998,-0.1392857142857143
1533.4771649630006,-0.4400510204081633
2025.1344413461416,-0.5426020408163266
2302.254619454976,-0.42168367346938773
2488.4129083541666,-0.37423469387755104
2652.90757252836,-0.3030612244897959
2793.697525342436,-0.2540816326530612
2871.559949562422,-0.20816326530612245
2921.7745861285293,-0.18367346938775506
2971.6150703453136,-0.1775510204081632
3008.935016855744,-0.14387755102040814
3053.60149655439,-0.11938775510204079
3080.0317220039187,-0.10102040816326528
3061.341071451289,-0.08265306122448977
3066.3347398923524,-0.07346938775510202
3104.2944362068283,-0.07346938775510202
3107.7467850050753,-0.06428571428571427
3120.5422682926705,-0.06428571428571427
3114.9363827896505,-0.06122448979591835
3067.2815406520886,-0.05204081632653059
3071.309518864158,-0.04897959183673467
3109.2753369135817,-0.055102040816326504
3101.7949585041424,-0.055102040816326504
3091.954276734955,-0.052040816326530584
3086.0730942250557,-0.055102040816326504
3048.2320240031745,-0.04591836734693875
3061.8217182684593,-0.04285714285714283
3121.0393440342214,-0.052040816326530584
3146.5877169436935,-0.052040816326530584
3163.822746697231,-0.048979591836734664
3150.785211749355,-0.04591836734693875
3105.354661022539,-0.036734693877550996
3110.560597894463,-0.036734693877550996
3146.144802415896,-0.039795918367346916
3153.509602836303,-0.039795918367346916
3157.740918561061,-0.039795918367346916
3143.480446544759,-0.039795918367346916
3105.388240796996,-0.036734693877550996
3102.6706453827364,-0.036734693877550996
3133.8982281393946,-0.039795918367346916
3150.756438271034,-0.039795918367346916
3161.7871330773196,-0.039795918367346916
3170.5766247262954,-0.039795918367346916
3163.887955522696,-0.036734693877550996
3149.702240613642,-0.030612244897959162
3141.8393829654783,-0.03367346938775508
3144.8226300473366,-0.039795918367346916
3155.403389807635,-0.039795918367346916
3151.448182286187,-0.039795918367346916
3120.7333392428145,-0.036734693877550996
3105.9300302137945,-0.036734693877550996
3118.174240158516,-0.039795918367346916
3132.025562897572,-0.039795918367346916
3154.4398612099467,-0.039795918367346916
3153.2422153941225,-0.039795918367346916
3141.1877689146577,-0.039795918367346916
3159.803343975242,-0.039795918367346916
3181.053886027704,-0.039795918367346916
3196.6462178070005,-0.03367346938775508
3214.4033214360484,-0.03367346938775508
3222.6503551397564,-0.030612244897959176
3212.310039524045,-0.021428571428571422
3206.5305320613525,-0.018367346938775498
3208.836245390754,-0.021428571428571422
3208.915606284535,-0.021428571428571422
3218.5286991654075,-0.024489795918367342
3225.774809030372,-0.024489795918367342
3211.361108272003,-0.015306122448979588
3197.0304731232395,-0.015306122448979588
3192.4297303676585,-0.024489795918367342
3183.6651150343323,-0.027551020408163266
3185.307964166227,-0.027551020408163266
3190.4125438532965,-0.027551020408163266
3175.9634953213304,-0.027551020408163266
3155.3945757839547,-0.030612244897959173
3149.62465270555,-0.03367346938775508
3147.4722192204013,-0.03367346938775508
3151.546931667812,-0.03367346938775508
3138.387887313688,-0.036734693877551
3116.094983914587,-0.036734693877551
3128.6249375971793,-0.039795918367346916
3141.998061085657,-0.039795918367346916
3134.557927985674,-0.039795918367346916
3133.585760500486,-0.05204081632653059
3125.5743472435056,-0.05204081632653059
3098.609310493859,-0.039795918367346916
3101.183178080479,-0.039795918367346916
3118.811034733947,-0.05204081632653059
3120.6312829573717,-0.05204081632653059
3121.969708243721,-0.05204081632653059
3104.869599584758,-0.05204081632653059
3058.961827273127,-0.04591836734693876
3043.9065946501705,-0.04897959183673467
3053.055001121572,-0.058163265306122425
3035.9106150988864,-0.06428571428571427
3029.0009546098872,-0.06428571428571427
3031.2747985528376,-0.06734693877551018
2995.4308067010206,-0.06428571428571427
2982.951760853033,-0.06734693877551018
3006.7764001872556,-0.07346938775510202
3008.6795328509265,-0.07346938775510202
3018.1581952393008,-0.07346938775510202
3028.376959031325,-0.07346938775510202
2995.1690399684458,-0.0704081632653061
2990.8444026870247,-0.0704081632653061
3023.7258766768505,-0.07346938775510202
3019.711227593429,-0.07346938775510202
3018.035854757941,-0.07653061224489795
3024.023800546134,-0.07653061224489795
2993.0091189146506,-0.0704081632653061
2985.201737750765,-0.0704081632653061
3009.550867910309,-0.07959183673469386
3010.2668509524206,-0.07959183673469386
3017.438507774954,-0.07653061224489795
3023.510802000308,-0.07653061224489795
2990.934958908972,-0.06734693877551018
2983.5224037501175,-0.06734693877551018
3009.1097294434367,-0.07346938775510202
3006.6759167435357,-0.07346938775510202
3007.3012341003223,-0.08265306122448977
3012.3606613871125,-0.0857142857142857
2981.92025714351,-0.07346938775510202
2977.079025505527,-0.07346938775510202
3005.7635607270095,-0.08265306122448979
3022.948099306166,-0.07959183673469386
3049.7101641485465,-0.08265306122448977
3054.4904474275518,-0.07959183673469386
3020.66961536495,-0.06734693877551018
3005.199726335013,-0.0704081632653061
3022.568270087313,-0.0704081632653061
3039.1842711539275,-0.06734693877551018
3056.1337373178985,-0.07653061224489793
3057.53744009245,-0.07653061224489793
3021.5409714741972,-0.06428571428571427
3011.893620066857,-0.06428571428571427
3045.2410620512646,-0.06734693877551018
3074.469084280348,-0.06428571428571425
3058.639188335252,-0.05816326530612241
3040.547126066644,-0.055102040816326504
3029.756362765962,-0.06122448979591835
3021.4727095766575,-0.06428571428571427
3003.8496366969384,-0.05204081632653059
2964.1831546324884,-0.04897959183673467
2932.854117701958,-0.07346938775510202
2925.3176309736346,-0.0857142857142857
3001.570991804698,-0.11632653061224488
3114.653949034451,-0.12551020408163263
3162.74819272922,-0.09183673469387753
3134.150744009343,-0.0704081632653061
3091.3858965735885,-0.055102040816326504
3078.2268403313174,-0.055102040816326504
3097.443300810746,-0.058163265306122425
3137.327135848038,-0.058163265306122425
3156.294961350266,-0.055102040816326504
3149.2752831386397,-0.04591836734693876
3132.858108632936,-0.036734693877551
3128.05011016598,-0.036734693877551
3139.837406184397,-0.036734693877551
3152.1891094873176,-0.030612244897959176
3176.4536696939713,-0.027551020408163266
3180.299908487158,-0.027551020408163266
3153.640383374256,-0.024489795918367342
3151.4316080642275,-0.024489795918367342
3168.0581766413675,-0.027551020408163266
3177.708292106011,-0.027551020408163266
3193.8160487016203,-0.027551020408163266
3192.656903429893,-0.027551020408163266
3166.01581623016,-0.024489795918367342
3159.8861588755135,-0.024489795918367342
3171.995550230902,-0.027551020408163266
3191.5661506621072,-0.027551020408163266
3209.769229603467,-0.027551020408163266
3189.290067879014,-0.027551020408163266
3155.63802466753,-0.027551020408163266
3156.248245491343,-0.027551020408163266
3167.8477667408256,-0.027551020408163266
3174.801441420361,-0.027551020408163266
3192.814991336219,-0.027551020408163266
3191.1161165030935,-0.027551020408163266
3164.495667628694,-0.027551020408163266
3161.2872546042136,-0.027551020408163266
3177.4442326245576,-0.027551020408163266
3189.621838418501,-0.027551020408163266
3205.540474303295,-0.027551020408163266
3202.8616880434356,-0.027551020408163266
3174.9208301001418,-0.027551020408163266
3153.9047343037237,-0.027551020408163266
3155.8589492741876,-0.027551020408163266
3174.1719463656555,-0.03367346938775509
3196.478224762506,-0.03979591836734692
3182.4935579302974,-0.033673469387755096
3146.3413855582266,-0.027551020408163266
3155.454839100091,-0.03367346938775509
3180.382234332676,-0.036734693877551
3184.943656489586,-0.033673469387755096
3194.5753133283556,-0.030612244897959186
3183.4354520068346,-0.027551020408163266
3149.7005458269414,-0.027551020408163266
3148.0721007375723,-0.030612244897959173
3168.468146699496,-0.03367346938775508
3182.0765460831835,-0.033673469387755096
3203.3309906701006,-0.03673469387755102
3197.696197408611,-0.033673469387755096
3164.194369879602,-0.027551020408163266
3154.694611527582,-0.027551020408163266
3171.707358947153,-0.030612244897959176
3197.4758619949052,-0.033673469387755096
3221.821252867524,-0.03673469387755102
3216.2825088914315,-0.033673469387755096
3184.953687185926,-0.027551020408163266
3192.7628233545247,-0.027551020408163266
3221.8008728629293,-0.027551020408163266
3240.134200137566,-0.027551020408163266
3257.6059063141956,-0.027551020408163266
3231.967037900946,-0.024489795918367342
3182.160333564551,-0.021428571428571422
3186.8573792424277,-0.024489795918367342
3216.8382927585167,-0.027551020408163266
3235.0051411128848,-0.027551020408163266
3250.5898455835095,-0.027551020408163266
3222.482169120178,-0.024489795918367342
3167.7093155086727,1.0408340855860843e-17
3151.8923375403947,-0.0030612244897959134
3166.3824471015196,-0.009183673469387747
3177.386441350771,-0.015306122448979574
3185.3520212384756,-0.02755102040816325
3174.6313619647563,-0.024489795918367342
3140.4220051100156,-0.009183673469387754
3128.1181036558964,-0.015306122448979574
3140.643927712359,-0.027551020408163242
3159.895458503075,-0.027551020408163242
3176.7810365165724,-0.030612244897959162
3163.8497224706975,-0.02448979591836733
3131.2745953751974,-0.018367346938775495
3134.60504777815,-0.02448979591836733
3151.829614329602,-0.027551020408163242
3154.692054370372,-0.027551020408163242
3163.1474596066646,-0.03367346938775508
3146.090300711449,-0.03061224489795917
3102.2942099817747,-0.015306122448979585
3096.316557903264,-0.018367346938775498
3113.714019046114,-0.03367346938775508
3126.271306474235,-0.039795918367346916
3146.4261276303346,-0.039795918367346916
3130.323707610186,-0.03367346938775508
3077.5159450234896,-0.02448979591836733
3048.6358567035704,-0.030612244897959162
3052.7627133346837,-0.039795918367346916
3056.8474794356734,-0.04285714285714282
3069.496437787193,-0.0551020408163265
3062.259763334309,-0.058163265306122425
3015.366489572706,-0.04897959183673467
3012.5710829529753,-0.05204081632653059
3043.35252625665,-0.06428571428571427
3056.7290587113475,-0.06734693877551018
3072.3306002771055,-0.06734693877551018
3062.103699025681,-0.06122448979591835
3013.69290157247,-0.05510204081632652
3002.3953348257774,-0.06122448979591836
3033.6642308817236,-0.06734693877551019
3053.5242012517074,-0.06428571428571427
3069.698703283982,-0.06428571428571427
3062.4864151259544,-0.06122448979591835
3011.1293900813043,-0.0520408163265306
3001.178872556475,-0.05510204081632652
3042.1962689854554,-0.06428571428571427
3050.173217900926,-0.06734693877551018
3055.3629421142277,-0.06734693877551018
3058.2351759897683,-0.06122448979591835
3019.524437119014,-0.0520408163265306
3018.1568714649757,-0.05510204081632652
3055.2551215821486,-0.06428571428571427
3058.5962937071727,-0.06734693877551018
3059.8445990070777,-0.06734693877551018
3047.6412451666192,-0.06122448979591835
3000.565303768932,-0.05510204081632652
3007.8148869579945,-0.05816326530612244
3054.728123183224,-0.06428571428571427
3059.7095062001517,-0.06734693877551018
3061.536683694547,-0.06734693877551018
3058.88001409235,-0.06122448979591835
3022.2829883816635,-0.05510204081632652
3011.8754916009557,-0.05816326530612244
3038.2130775763567,-0.06428571428571427
3045.129431619215,-0.06428571428571427
3055.0363753018723,-0.06428571428571427
3052.624440141604,-0.06122448979591835
3018.0050181196943,-0.05510204081632652
3020.3454051947774,-0.05816326530612244
3054.690018710306,-0.06428571428571427
3057.215643644082,-0.06122448979591835
3016.1217178047677,-0.05510204081632652
3004.31896959643,-0.05510204081632652
2996.6943716387395,-0.04897959183673467
2976.8267255645796,-0.05204081632653059
2960.716861964263,-0.04591836734693875
2936.5544110595547,-0.04897959183673467
2888.3949486745933,-0.0704081632653061
2871.7055352826046,-0.07959183673469386
2960.5271119661556,-0.12551020408163263
3078.9167314632223,-0.12551020408163263
3129.105922316572,-0.08877551020408161
3087.3086948454434,-0.0704081632653061
3025.5839302837826,-0.0551020408163265
3001.7271977751634,-0.0551020408163265
3000.412833230349,-0.05204081632653059
3011.350756963164,-0.05816326530612244
3029.6060426970193,-0.061224489795918345
3035.5116358093683,-0.058163265306122425
3024.6319928864714,-0.04591836734693875
3034.989705881798,-0.04285714285714282
3063.7278063063077,-0.04285714285714282
3078.1247019443945,-0.039795918367346916
3093.2998485808203,-0.05204081632653059
3081.4056118124486,-0.05204081632653059
3047.979190114783,-0.036734693877550996
3060.2483771138277,-0.0397959183673469
3085.5004135320814,-0.04285714285714282
3077.028566043082,-0.039795918367346916
3077.5536593865772,-0.04897959183673467
3079.377238319702,-0.04897959183673467
3063.1784382469245,-0.039795918367346916
3072.6476408535536,-0.04285714285714282
3090.6785111968456,-0.04285714285714282
3091.1627154899716,-0.039795918367346916
3102.6883381206503,-0.04897959183673467
3098.177940090346,-0.04897959183673467
3078.5199318299274,-0.039795918367346916
3087.5023592932134,-0.039795918367346916
3107.1471040056103,-0.039795918367346916
3120.9512954634883,-0.039795918367346916
3139.194731805902,-0.04591836734693875
3122.3425146632885,-0.04591836734693875
3086.8977125321226,-0.036734693877550996
3101.7877488164277,-0.036734693877550996
3134.0360744385616,-0.039795918367346916
3153.9609882480836,-0.039795918367346916
3166.6922521870256,-0.039795918367346916
3136.687295204907,-0.03367346938775508
3097.189237538303,-0.030612244897959162
3122.9400710429536,-0.036734693877550996
3159.3704937576285,-0.039795918367346916
3159.1361623297553,-0.036734693877551
3156.797846928268,-0.036734693877551
3127.55324599064,-0.03367346938775508
3088.8303631256067,-0.030612244897959162
3114.080527973539,-0.036734693877550996
3153.2436480919496,-0.04285714285714284
3157.750886132716,-0.03979591836734692
3157.8888113249227,-0.036734693877551
3129.171592060279,-0.036734693877551
3091.7623559821686,-0.03367346938775508
3119.2700016785393,-0.036734693877550996
3160.8905263373745,-0.04285714285714284
3174.3452068676816,-0.03979591836734692
3184.4356194206357,-0.036734693877551
3166.267234287814,-0.03367346938775508
3128.565187927383,-0.030612244897959162
3131.7585939716937,-0.036734693877550996
3157.115589935406,-0.039795918367346916
3171.668723871303,-0.036734693877551
3185.820992118329,-0.036734693877551
3197.347823468297,-0.027551020408163263
3189.2868920376113,-0.027551020408163263
3168.1201652119607,-0.03367346938775508
3155.101441595136,-0.03367346938775508
3147.572578318609,-0.036734693877551
3149.194573109602,-0.04591836734693876
3140.4390803681217,-0.04897959183673467
3128.170385049848,-0.039795918367346916
3135.49136793681,-0.039795918367346916
3145.73190608095,-0.039795918367346916
3155.892239212033,-0.039795918367346916
3164.7187573292817,-0.04591836734693875
3164.5547624977435,-0.04591836734693875
3154.3844143243105,-0.039795918367346916
3146.3289634457487,-0.039795918367346916
3139.8937216025197,-0.039795918367346916
3128.8134691143723,-0.039795918367346916
3128.1544758967393,-0.05204081632653059
3120.75452941018,-0.05204081632653059
3106.2635295944883,-0.04591836734693875
3112.1047943129615,-0.04897959183673466
3121.1163379570717,-0.0551020408163265
3121.6129538103187,-0.05204081632653059
3124.951307139435,-0.05204081632653059
3110.4094284827383,-0.05204081632653059
3085.897373975443,-0.04897959183673467
3094.0953517890757,-0.05204081632653058
3108.363659280045,-0.058163265306122425
3104.9806051335227,-0.058163265306122425
3101.869309527042,-0.058163265306122425
3075.4247341838745,-0.058163265306122425
3035.62613761524,-0.0551020408163265
3028.944053008452,-0.061224489795918345
3032.1222162038616,-0.06428571428571427
3013.783779783809,-0.0704081632653061
3009.974548565724,-0.07653061224489795
3003.5912612969946,-0.07653061224489795
2972.4101939870743,-0.0704081632653061
2965.576256008326,-0.07346938775510202
2974.65826311381,-0.08571428571428569
2995.278112318691,-0.08571428571428569
3024.2624847917878,-0.0887755102040816
3006.5771795009614,-0.0887755102040816
2964.648992781128,-0.07346938775510202
2956.1139464312046,-0.07346938775510202
2963.312056999491,-0.08571428571428569
2986.6923315735694,-0.08571428571428569
3021.449859985856,-0.09183673469387753
2996.8521095191363,-0.09183673469387753
2943.7307166518117,-0.07959183673469386
2933.8350960533453,-0.07959183673469386
2939.9872826074907,-0.08571428571428569
2963.572826778074,-0.08571428571428569
3000.857113913851,-0.09183673469387753
2992.781644507025,-0.09183673469387753
2954.396694337164,-0.08265306122448977
2943.005038858066,-0.08265306122448977
2951.779922255756,-0.08571428571428569
2959.6536534530064,-0.08571428571428569
2978.8678671964653,-0.0887755102040816
2981.3021417131195,-0.0887755102040816
2953.604873798372,-0.08265306122448977
2949.694988063068,-0.08265306122448977
2969.4408941508345,-0.0887755102040816
2989.015755920883,-0.0887755102040816
3007.2145263745733,-0.0887755102040816
2986.237792301848,-0.0887755102040816
2922.970118034981,-0.08265306122448977
2903.3014682917305,-0.08877551020408163
2917.976998174183,-0.09489795918367346
2944.1485413846676,-0.1010204081632653
2988.8423144215726,-0.10714285714285715
2983.6455502232266,-0.09489795918367344
2933.498271554105,-0.08265306122448977
2922.19310973839,-0.08265306122448977
2949.536062640968,-0.08571428571428569
2981.3644520700664,-0.08571428571428569
3017.2750142516343,-0.09183673469387753
3010.463594003485,-0.09183673469387753
2968.5059564468015,-0.07959183673469386
2969.6232266554534,-0.07959183673469386
2994.391949238411,-0.0887755102040816
2992.3207384001207,-0.0887755102040816
2978.234501035184,-0.07959183673469386
2968.6259510212362,-0.07959183673469386
2950.504606115015,-0.07959183673469386
2930.4272514518198,-0.07959183673469386
2908.4792846037362,-0.06734693877551018
2892.5394005203943,-0.0704081632653061
2889.4938775319297,-0.09489795918367346
2896.968462196558,-0.10408163265306122
2976.8230647491564,-0.1377551020408163
3083.311237666584,-0.12857142857142856
3118.200304339295,-0.09489795918367347
3078.8116398434477,-0.07959183673469386
3038.382932348959,-0.06122448979591834
3047.7359227227116,-0.06122448979591834
3060.342500763045,-0.06122448979591834
3069.6596917391757,-0.058163265306122425
3071.4898550334265,-0.058163265306122425
3056.188873691277,-0.058163265306122425
3047.5660557532947,-0.0551020408163265
3053.1759129822635,-0.0551020408163265
3069.928213178456,-0.058163265306122425
3081.2158712667324,-0.058163265306122425
3092.2404714078884,-0.058163265306122425
3084.554277817436,-0.05510204081632652
3070.6501905531904,-0.05204081632653059
3092.43425905447,-0.0551020408163265
3120.472855275657,-0.058163265306122425
3148.1170760761675,-0.05510204081632652
3169.358677034711,-0.05204081632653059
3150.84580412644,-0.04897959183673468
3122.1115040037675,-0.036734693877551
3117.8468582315686,-0.039795918367346916
3120.370258003785,-0.045918367346938764
3126.961223729189,-0.045918367346938764
3139.2475068533213,-0.05204081632653059
3123.988317340587,-0.05204081632653059
3097.9676484197307,-0.045918367346938764
3075.216358250261,-0.045918367346938764
3061.874008267688,-0.05204081632653059
3080.47717644484,-0.0551020408163265
3109.920417388461,-0.058163265306122425
3101.4327071427947,-0.058163265306122425
3076.7270116438463,-0.0551020408163265
3064.749592471871,-0.0551020408163265
3070.1862357218824,-0.0551020408163265
3108.398672864286,-0.0551020408163265
3144.0829485671325,-0.058163265306122425
3138.180478540278,-0.058163265306122425
3112.8355164358954,-0.04897959183673467
3116.94949248597,-0.045918367346938764
3133.1865959064453,-0.05510204081632652
3154.4541536739807,-0.058163265306122425
3176.290739071131,-0.0551020408163265
3162.8164893339954,-0.027551020408163252
3139.3028862198717,-0.015306122448979576
3142.710832547589,-0.018367346938775488
3151.3862644984165,-0.02755102040816324
3159.5075726717982,-0.030612244897959162
3171.7236859752256,-0.03367346938775508
3159.0891640506416,-0.027551020408163252
3130.2624499221265,-0.015306122448979576
3127.375503788689,-0.018367346938775488
3130.99192273684,-0.02755102040816324
3137.047045358401,-0.030612244897959162
3145.4270116656194,-0.03367346938775508
3114.6493571112132,-0.030612244897959162
3075.4139826940127,-0.027551020408163252
3097.5150376426113,-0.03367346938775508
3138.6955051676246,-0.039795918367346916
3162.4355042198467,-0.039795918367346916
3171.4179135281315,-0.03673469387755099
3137.3387605289017,-0.030612244897959162
3102.998555116151,-0.02448979591836733
3111.5186911008313,-0.027551020408163252
3126.9118557976954,-0.03673469387755101
3145.2434885797384,-0.039795918367346916
3160.922786321232,-0.03673469387755099
3135.2893717582792,-0.030612244897959162
3109.1929080392474,-0.030612244897959162
3119.0734017001946,-0.030612244897959162
3129.4764957672287,-0.03367346938775508
3140.765621175481,-0.03673469387755101
3150.5180555256366,-0.03367346938775508
3123.8254516102825,-0.030612244897959162
3103.778275780287,-0.03367346938775508
3125.2752826681167,-0.039795918367346916
3143.560213238933,-0.039795918367346916
3160.4551883783797,-0.039795918367346916
3173.8096793384684,-0.03673469387755099
3148.6015373877917,-0.030612244897959162
3118.6260803321684,-0.02755102040816324
3112.524861609366,-0.02755102040816324
3108.863458412893,-0.03367346938775508
3116.0355648679993,-0.042857142857142844
3134.075527573301,-0.042857142857142844
3103.943191309714,-0.03367346938775508
3066.404298122462,-0.030612244897959162
3088.2063079710038,-0.03673469387755099
3116.1811255842836,-0.039795918367346916
3127.779840153403,-0.039795918367346916
3136.736454748122,-0.03673469387755099
3101.475587125691,-0.030612244897959162
3054.8342298608786,-0.030612244897959162
3055.7438811134207,-0.03673469387755099
3073.563177636578,-0.039795918367346916
3086.5155429386778,-0.04591836734693875
3092.6236645293156,-0.0551020408163265
3051.0453536111136,-0.04897959183673466
3004.104555307881,-0.03979591836734691
3000.7853219669046,-0.04897959183673467
3010.4461189880094,-0.06428571428571425
3025.9810700163316,-0.06734693877551018
3038.4883065729773,-0.06428571428571428
3031.822682389643,-0.061224489795918345
3077.2174972162065,-0.05816326530612243
3179.5664883253958,-0.05204081632653059
3230.334522176222,-0.0397959183673469
3262.332030273638,-0.027551020408163263
3281.287477244465,-0.02142857142857142
3255.048028084301,-0.012244897959183664
3226.2976023458114,-0.006122448979591832
3217.393137409607,-0.009183673469387742
3225.089342515771,-0.009183673469387742
3257.4560484306994,-0.012244897959183666
3294.2985341397757,-0.012244897959183666
3328.812803694587,-0.006122448979591822
3344.7569173444226,2.2551405187698492e-17
3357.470540066921,0.006122448979591866
3346.197277515218,0.006122448979591866
3320.9875762319543,0.0030612244897959447
3338.1207587861695,0.0030612244897959447
3373.756134826171,0.006122448979591855
3385.119206310815,0.012244897959183687
3390.2174929623893,0.012244897959183699
3396.969125302436,0.009183673469387778
3407.3096111918635,0.009183673469387778
3431.578979267553,0.003061224489795944
3440.2182500973286,0.006122448979591855
3432.1942515969604,0.01836734693877553
3440.653025714987,0.01836734693877553
3471.710156465144,0.01836734693877553
3517.0713219842446,0.024489795918367373
3555.6772289827286,0.024489795918367373
3556.2357870930236,0.027551020408163294
3531.378143815378,0.03673469387755105
3531.4398211519574,0.03979591836734697
3539.536510784995,0.03673469387755105
3551.4745101946432,0.03673469387755105
3580.707721081952,0.03367346938775514
3585.6136994268295,0.03673469387755106
3568.7760941790657,0.048979591836734726
3563.1325829315347,0.052040816326530646
3567.141796730546,0.052040816326530646
3551.490401076263,0.052040816326530646
3520.0231188778926,0.052040816326530646
3495.121751126164,0.048979591836734726
3478.1995416526834,0.03979591836734697
3448.5957354982643,0.04285714285714289
3397.6103617180843,0.06734693877551023
3314.434733040681,0.06428571428571431
3245.959977098728,0.03367346938775514
3023.896210697746,0.007200934499499278
1651.8145183478618,-0.01575824917397013
439.838841224244,-0.01575824917397013
566.135930585104,-0.01575824917397013
1225.7057995955622,-0.3298469387755102
1889.54235360068,-0.5900510204081633
2203.306131431982,-0.46377551020408164
2393.704972241442,-0.3987244897959184
2549.58151855308,-0.33290816326530615
2717.9843184854726,-0.2602040816326531
2841.8364159115445,-0.21428571428571433
2951.464253751025,-0.17219387755102045
2997.6965642524947,-0.12704081632653064
3027.4749724797775,-0.07270408163265311
3097.8355612879495,-0.03826530612244905
3160.3957667227314,-0.001530612244898033
3170.232476253207,0.030612244897959107
3181.241282572364,0.03979591836734686
3220.4922431114196,0.05357142857142849
3226.874609590321,0.06734693877551012
3246.8754605097265,0.06734693877551012
3266.66243221609,0.071938775510204
3233.1273716309515,0.08112244897959175
3235.268306221912,0.08571428571428563
3293.656099195527,0.08112244897959175
3319.9433947928474,0.08571428571428563
3334.38002497484,0.09489795918367339
3332.5064234021656,0.09489795918367339
3296.7591463457475,0.10408163265306114
3284.234896918806,0.10408163265306114
3310.985147727811,0.09948979591836726
3337.571411912061,0.09948979591836726
3353.604526688703,0.10408163265306114
3335.534997517868,0.10867346938775502
3272.7575971213473,0.1132653061224489
3245.689962172033,0.11785714285714277
3277.053926810325,0.10867346938775502
3292.3282746329887,0.09948979591836726
3300.3474426938783,0.10408163265306114
3311.6165548801073,0.10408163265306114
3278.9667817856343,0.10408163265306114
3273.952243137542,0.10408163265306114
3334.168536586686,0.10408163265306114
3369.391176216428,0.10867346938775502
3380.8148856036887,0.10867346938775502
3385.544177640916,0.11785714285714277
3363.7013439836683,0.12244897959183665
3347.1384321453006,0.12704081632653053
3350.978765736855,0.12244897959183665
3347.4434541337196,0.11785714285714277
3346.8736308158414,0.11785714285714277
3339.505362069328,0.11785714285714277
3307.453519238714,0.11785714285714277
3288.932810799334,0.1132653061224489
3295.9406781042335,0.1132653061224489
3291.751154768156,0.10867346938775502
3290.560920104237,0.10867346938775502
3290.817598608699,0.10867346938775502
3242.104191051787,0.10867346938775502
3224.0503193769605,0.10408163265306114
3265.7149974348413,0.09948979591836726
3284.0032243364567,0.09948979591836726
3293.787826910885,0.09948979591836726
3295.746635464654,0.09948979591836726
3242.3486109497485,0.10408163265306114
3230.405987956352,0.10408163265306114
3279.8234172396983,0.09948979591836726
3291.566867709735,0.09948979591836726
3294.953583722576,0.10408163265306114
3293.338574629726,0.10408163265306114
3254.8726409523724,0.10408163265306114
3233.9421412280003,0.10408163265306114
3259.9124220520025,0.09948979591836726
3276.204947892249,0.09948979591836726
3283.5168744384073,0.09948979591836726
3283.894553470428,0.09948979591836726
3229.791016657212,0.10408163265306114
3214.430745701812,0.10408163265306114
3259.9270163521237,0.09030612244897951
3271.9697534025063,0.09030612244897951
3276.5079712801844,0.09948979591836726
3276.4822188302924,0.09948979591836726
3234.481797874967,0.10408163265306114
3215.8591785850294,0.10408163265306114
3239.9016334821554,0.09030612244897951
3242.5705477106567,0.09030612244897951
3249.396597171151,0.09030612244897951
3252.6486396744863,0.09030612244897951
3230.5750170790916,0.09489795918367339
3216.4644565400913,0.09489795918367339
3224.19289611753,0.08571428571428563
3220.070772718668,0.08112244897959175
3216.0689293207997,0.08112244897959175
3223.2833093782556,0.07653061224489788
3207.1748886254754,0.07653061224489788
3189.691427110037,0.08112244897959175
3195.4125783359896,0.08112244897959175
3187.4579755508857,0.07653061224489788
3180.3944054230496,0.071938775510204
3181.621903601055,0.071938775510204
3165.488482472311,0.07653061224489788
3153.3861064502735,0.07653061224489788
3155.774883915398,0.07653061224489788
3158.010450608411,0.07653061224489788
3163.8633890709407,0.06275510204081625
3167.1726847582763,0.06275510204081625
3152.4466328939616,0.07653061224489788
3132.3878085478027,0.071938775510204
3117.6453389028056,0.06734693877551012
3126.4758312024887,0.05816326530612237
3145.8182521912595,0.048979591836734615
3147.2593645208663,0.05816326530612237
3130.5002424039762,0.06734693877551012
3125.380162224522,0.06734693877551012
3133.804829948015,0.05816326530612237
3130.276842820931,0.05357142857142849
3132.7121285188805,0.05357142857142849
3131.861356588127,0.05357142857142849
3118.720696654619,0.06275510204081625
3122.67880919735,0.06734693877551012
3133.5851106873656,0.05816326530612237
3131.2417545962617,0.05816326530612237
3133.5174448059834,0.05816326530612237
3135.73074652686,0.05357142857142849
3120.252748837276,0.06275510204081625
3119.5858309527066,0.06734693877551012
3134.417501609102,0.05816326530612237
3135.389982210042,0.05816326530612237
3140.940888685577,0.05816326530612237
3146.8965694484586,0.05816326530612237
3135.8465458193305,0.06734693877551012
3127.4010456105907,0.06734693877551012
3134.699828664683,0.05816326530612237
3137.8806159624464,0.05357142857142849
3149.49945097409,0.05357142857142849
3170.921738045394,0.05357142857142849
3172.666634819818,0.06275510204081625
3164.1754717225913,0.071938775510204
3163.436873397384,0.071938775510204
3164.6522207314492,0.06734693877551012
3111.4752125744417,0.06734693877551012
3098.1028155436197,0.06734693877551012
3139.978465147993,0.06734693877551012
3146.4274241599232,0.06734693877551012
3130.8431505295825,0.07653061224489788
3099.0448818156046,0.08571428571428563
3028.8332006955807,0.07653061224489788
2996.593650009665,0.05357142857142849
3049.0578832653086,0.030612244897959107
3165.404902891916,0.016836734693877475
3271.288006319214,0.02602040816326523
3285.2057486499843,0.04438775510204074
3248.462247549044,0.06275510204081625
3220.4151146133045,0.07653061224489788
3223.277505597247,0.08112244897959175
3224.1033554473456,0.08571428571428563
3235.6587574564537,0.08571428571428563
3240.7043072858423,0.08571428571428563
3217.577091008829,0.09030612244897951
3209.7117335625708,0.09489795918367339
3227.3697927919548,0.09030612244897951
3241.002108566745,0.09030612244897951
3251.9937005966726,0.09030612244897951
3248.8081271278133,0.09030612244897951
3228.9481734890146,0.09030612244897951
3220.1824012680026,0.09030612244897951
3231.3408408755386,0.09030612244897951
3244.904089718552,0.08571428571428563
3258.97111147545,0.08571428571428563
3269.5766490787737,0.08571428571428563
3255.177207616838,0.12244897959183665
3242.389242745485,0.12704081632653053
3243.972696637226,0.11785714285714277
3244.963769983622,0.1132653061224489
3258.065124159967,0.10867346938775502
3268.367501775252,0.10867346938775502
3250.576353507001,0.1132653061224489
3237.9056588257827,0.11785714285714277
3243.8737570313087,0.11785714285714277
3248.245658518421,0.10867346938775502
3262.0611764679625,0.10408163265306114
3272.5033507166654,0.10867346938775502
3255.226626734423,0.1132653061224489
3245.243448686986,0.11785714285714277
3252.929319249204,0.11785714285714277
3249.10002777505,0.10408163265306114
3247.115852340889,0.10408163265306114
3254.274624321065,0.1132653061224489
3248.6820856101076,0.1132653061224489
3244.875742906177,0.10867346938775502
3252.1622900665734,0.10408163265306114
3248.5282595014705,0.10408163265306114
3245.4354170010574,0.10867346938775502
3247.757471131932,0.10867346938775502
3235.461249806186,0.10867346938775502
3233.437619352886,0.10867346938775502
3250.3560737558314,0.09948979591836726
3256.599675853906,0.09489795918367339
3267.162932634409,0.09489795918367339
3273.4909636898137,0.09948979591836726
3261.336024392575,0.10867346938775502
3254.8981109032684,0.1132653061224489
3259.7074023299556,0.1132653061224489
3259.5283021696973,0.10867346938775502
3265.392800540925,0.10408163265306114
3275.7512565267707,0.09948979591836726
3264.349964094019,0.10408163265306114
3252.7869076971297,0.11785714285714277
3255.392205726567,0.11785714285714277
3252.7996248588543,0.10408163265306114
3258.9732312565757,0.09489795918367339
3272.5732271805136,0.09489795918367339
3263.7781680383005,0.10408163265306114
3252.8675072890787,0.10867346938775502
3257.837395384314,0.10408163265306114
3259.164537214273,0.10408163265306114
3266.2275294099454,0.10408163265306114
3273.5607296228172,0.09948979591836726
3257.4794381619113,0.10408163265306114
3246.958312116619,0.1132653061224489
3253.7431001851764,0.10867346938775502
3253.8483582621166,0.09948979591836726
3259.520892840026,0.09489795918367339
3265.248278976862,0.09489795918367339
3254.353941929986,0.10408163265306114
3248.618261043718,0.10408163265306114
3254.5674526723938,0.09489795918367339
3257.3692359314073,0.09489795918367339
3264.95449489269,0.09489795918367339
3272.7472572802103,0.09489795918367339
3257.2694765857777,0.10408163265306114
3241.7135864793318,0.10867346938775502
3244.0418830925382,0.09948979591836726
3245.139361822863,0.09489795918367339
3249.7555383624676,0.09489795918367339
3252.2430859369433,0.09489795918367339
3233.5738885040937,0.09948979591836726
3226.807302869078,0.09948979591836726
3235.729617537776,0.08571428571428563
3234.0152343272384,0.08571428571428563
3236.063378762704,0.09030612244897951
3234.0924735945505,0.09030612244897951
3213.9844297641384,0.09948979591836726
3207.4033299117773,0.09948979591836726
3214.13236518904,0.08571428571428563
3215.4935351087834,0.08571428571428563
3221.428996253098,0.08571428571428563
3196.938227955926,0.08571428571428563
3120.0072578547597,0.09489795918367339
3100.5051410256992,0.09030612244897951
3136.895270404892,0.07653061224489788
3148.9008561885616,0.06734693877551012
3164.0300895096943,0.06734693877551012
3157.048370251305,0.071938775510204
3096.7122077478516,0.08112244897959175
3077.02033018528,0.08112244897959175
3098.571815658075,0.071938775510204
3100.6722071819304,0.06275510204081625
3117.709535645627,0.06275510204081625
3124.5004691634176,0.06734693877551012
3081.7223344262707,0.071938775510204
3057.2022275584914,0.06734693877551012
3062.2934582842854,0.06275510204081625
3062.125663309528,0.05816326530612237
3078.1252862072342,0.048979591836734615
3095.1058345235233,0.048979591836734615
3064.453471404977,0.06275510204081625
3056.9943598556392,0.06275510204081625
3093.2597304578194,0.05816326530612237
3095.1416283673534,0.06275510204081625
3105.0053078651295,0.05357142857142849
3110.0332511924107,0.05357142857142849
3065.0111598824533,0.06275510204081625
3039.3433457917754,0.06275510204081625
3041.482033620058,0.06275510204081625
3034.979478027987,0.05816326530612237
3055.646711255976,0.048979591836734615
3076.044052711062,0.048979591836734615
3035.55544574166,0.05816326530612237
3030.3770481509614,0.05816326530612237
3082.1257904403737,0.05357142857142849
3091.475245945917,0.05816326530612237
3091.030688505835,0.05816326530612237
3092.842894824649,0.06275510204081625
3049.577467948655,0.06734693877551012
3042.618397381808,0.05816326530612237
3088.878277992043,0.05816326530612237
3100.8514377098963,0.06275510204081625
3106.1951115499487,0.05357142857142849
3113.8137863893853,0.05357142857142849
3086.9775195589027,0.06275510204081625
3079.8045094841,0.06275510204081625
3110.2606854501037,0.06275510204081625
3139.56222054618,0.06275510204081625
3119.2751096102365,0.06734693877551012
3118.4732019640705,0.071938775510204
3154.9327455171006,0.06734693877551012
3148.6024446603437,0.071938775510204
3129.3265578716237,0.09948979591836726
3092.2476366699475,0.1132653061224489
3017.6681064890563,0.08571428571428563
2992.414011284125,0.06275510204081625
3064.5075043438865,0.030612244897959107
3186.007236207741,0.016836734693877475
3271.834843476927,0.035204081632652984
3279.8063150288735,0.05357142857142849
3245.2889701411837,0.08112244897959175
3214.7083294109525,0.09489795918367339
3215.1604086461757,0.09489795918367339
3207.87443276481,0.09489795918367339
3214.5087626925615,0.09489795918367339
3211.790947677633,0.09489795918367339
3171.8003120354747,0.09948979591836726
3171.1129611516044,0.09948979591836726
3199.343191937889,0.08571428571428563
3203.4241155176933,0.08571428571428563
3222.518303381097,0.08571428571428563
3233.494554347554,0.08112244897959175
3199.6625616401343,0.09489795918367339
3194.644423979615,0.09948979591836726
3214.1128998965596,0.09489795918367339
3213.7009277343905,0.09489795918367339
3233.3965737802464,0.08571428571428563
3239.910320459324,0.08571428571428563
3199.909523221414,0.09948979591836726
3194.9802441425663,0.09948979591836726
3221.465637153754,0.09030612244897951
3230.452097460347,0.09030612244897951
3251.972449720276,0.09030612244897951
3251.273038977829,0.09030612244897951
3211.91904411783,0.10408163265306114
3203.451028031373,0.10408163265306114
3218.2745269565557,0.09030612244897951
3221.509033893696,0.09030612244897951
3240.8061475530703,0.09030612244897951
3248.976739863262,0.09030612244897951
3210.1723603189484,0.09948979591836726
3192.1067796253074,0.09489795918367339
3202.8954059760017,0.08112244897959175
3212.9897013852083,0.08112244897959175
3242.6647001597653,0.08112244897959175
3251.4033289168756,0.08571428571428563
3212.006833777643,0.09030612244897951
3200.78701621465,0.09030612244897951
3226.2708371267645,0.08571428571428563
3238.2841771783715,0.08112244897959175
3258.210968071382,0.08112244897959175
3263.6745550512196,0.08571428571428563
3228.374028481748,0.09948979591836726
3220.312892315805,0.09948979591836726
3237.2715204124083,0.09030612244897951
3240.969249646506,0.09030612244897951
3262.326061419059,0.08571428571428563
3271.617338475726,0.08571428571428563
3250.0497027663537,0.09948979591836726
3256.2847808357064,0.09948979591836726
3287.057857904263,0.09489795918367339
3305.136534368392,0.09489795918367339
3317.2259169636445,0.10408163265306114
3330.9491545595165,0.10408163265306114
3331.5192455879765,0.10408163265306114
3337.825399997601,0.10867346938775502
3360.5642584056905,0.10867346938775502
3370.6341534715584,0.1132653061224489
3372.649599675289,0.1132653061224489
3371.622985720935,0.1132653061224489
3353.144833248548,0.1132653061224489
3343.4740239769,0.11785714285714277
3357.684715874405,0.11785714285714277
3369.026277773,0.1132653061224489
3378.380582510209,0.1132653061224489
3383.7990725415184,0.1132653061224489
3360.409764949488,0.1132653061224489
3335.647404629539,0.11785714285714277
3332.4935994697007,0.11785714285714277
3340.7818964165126,0.1132653061224489
3355.5487996326538,0.1132653061224489
3363.7945681816113,0.1132653061224489
3346.1419723801246,0.1132653061224489
3328.0077286539517,0.1132653061224489
3336.7853512352644,0.1132653061224489
3343.051479961939,0.1132653061224489
3341.972747620906,0.1132653061224489
3314.1515042510664,0.1132653061224489
3262.0162710686445,0.1132653061224489
3259.4915244773456,0.10867346938775502
3294.3164513384227,0.10408163265306114
3310.9808117229823,0.09948979591836726
3316.231162312781,0.09948979591836726
3309.933600487483,0.09948979591836726
3286.920788355603,0.10408163265306114
3279.9816343173643,0.10408163265306114
3293.174224117186,0.09489795918367339
3300.899785440016,0.09489795918367339
3303.476347297409,0.09948979591836726
3269.661934989943,0.09948979591836726
3199.634903644942,0.10408163265306114
3184.5083157209283,0.10408163265306114
3219.6557951898194,0.08571428571428563
3235.4984452631898,0.08112244897959175
3239.7194061361843,0.08112244897959175
3216.919779300115,0.08571428571428563
3163.0030646901673,0.08571428571428563
3149.153336952438,0.08112244897959175
3173.3805223378226,0.07653061224489788
3169.5040966992765,0.07653061224489788
3173.428759795801,0.06734693877551012
3176.979748581879,0.05816326530612237
3144.550303684753,0.06734693877551012
3134.709218316142,0.06734693877551012
3153.2196252407757,0.05816326530612237
3149.4974313976563,0.05357142857142849
3154.515153786123,0.05357142857142849
3163.302926636425,0.05816326530612237
3146.638570154567,0.06734693877551012
3135.0755769628795,0.06734693877551012
3138.8146133546256,0.05816326530612237
3144.6693093419153,0.05816326530612237
3155.846949949011,0.05357142857142849
3156.064061858111,0.04438775510204074
3134.9953737741444,0.05816326530612237
3122.9047482821893,0.06734693877551012
3124.1220988257196,0.05357142857142849
3123.7193775127143,0.04438775510204074
3131.2605807463096,0.04438775510204074
3136.9335863643773,0.04438775510204074
3123.8568022342733,0.05816326530612237
3115.5433155830383,0.05816326530612237
3119.684074348975,0.04438775510204074
3124.0991581902254,0.048979591836734615
3135.706229582311,0.048979591836734615
3140.130836054944,0.04438775510204074
3124.321659788488,0.05816326530612237
3119.568910133466,0.06734693877551012
3127.4990070298386,0.05357142857142849
3131.3305244748517,0.04438775510204074
3145.206679629361,0.04438775510204074
3153.96312941576,0.04438775510204074
3140.72442981791,0.05816326530612237
3138.649581458796,0.06275510204081625
3148.815818989646,0.048979591836734615
3147.7768070029733,0.048979591836734615
3154.835307018483,0.048979591836734615
3163.058547277183,0.05357142857142849
3154.438845083525,0.06734693877551012
3156.070383982832,0.05816326530612237
3167.4942243808764,0.071938775510204
3160.881166134514,0.08571428571428563
3108.939917048737,0.09948979591836726
3104.101154769195,0.09489795918367339
3137.371325483273,0.09489795918367339
3134.283320075411,0.09489795918367339
3122.175764725898,0.1132653061224489
3087.0842181173048,0.11785714285714277
3022.8881026567947,0.08571428571428563
3006.1199592144276,0.06734693877551012
3067.7033789069537,0.02602040816326523
3185.1097231150243,0.016836734693877475
3263.1406651509124,0.04438775510204074
3241.522559557963,0.05816326530612237
3187.140292610414,0.08571428571428563
3172.2107359689767,0.09948979591836726
3194.2006905829585,0.09948979591836726
3208.843333697193,0.09948979591836726
3210.2855198280886,0.09489795918367339
3212.270835347506,0.09948979591836726
3212.464210612281,0.10408163265306114
3214.130646416148,0.10408163265306114
3222.2953025093893,0.10408163265306114
3228.050301750389,0.10408163265306114
3238.5965014947787,0.09948979591836726
3235.8892877516414,0.10408163265306114
3212.106653243533,0.11785714285714277
3195.343872913051,0.1132653061224489
3200.8999833319076,0.10408163265306114
3213.6950117389915,0.10408163265306114
3228.6456000631624,0.09489795918367339
3226.9819592462964,0.09030612244897951
3211.1157941582824,0.09948979591836726
3217.740328960764,0.10408163265306114
3231.9712549912483,0.09948979591836726
3229.6790089013684,0.09489795918367339
3230.862627067498,0.09489795918367339
3236.4565003844277,0.09489795918367339
3229.103661572729,0.09948979591836726
3231.8840098698124,0.10408163265306114
3244.4447677096623,0.09948979591836726
3245.69194667025,0.09489795918367339
3252.187849702369,0.09948979591836726
3254.3660206436452,0.09948979591836726
3238.615821586099,0.10408163265306114
3239.299167772023,0.10867346938775502
3253.4688686532554,0.09948979591836726
3256.0899412319986,0.09489795918367339
3267.0309727218764,0.09489795918367339
3276.6501125164905,0.09489795918367339
3265.2356185725375,0.10867346938775502
3256.434811351355,0.1132653061224489
3260.3478907102144,0.10408163265306114
3261.974622079415,0.09948979591836726
3269.510142337717,0.10408163265306114
3276.9072432727135,0.10408163265306114
3264.3039573693986,0.10408163265306114
3258.1345743354523,0.10867346938775502
3265.1279757525394,0.10867346938775502
3266.2838108763135,0.10408163265306114
3270.602353385055,0.09948979591836726
3272.4487455075596,0.10408163265306114
3262.279031373462,0.10867346938775502
3260.2098875948955,0.10867346938775502
3266.4759146401493,0.10867346938775502
3265.6220822253217,0.10867346938775502
3272.57270021884,0.10408163265306114
3277.6847980442735,0.09948979591836726
3262.079728670278,0.10408163265306114
3252.2343234582804,0.10867346938775502
3256.0564490110883,0.10408163265306114
3255.5331237485425,0.09948979591836726
3259.6465204902443,0.09489795918367339
3262.7052489053267,0.09489795918367339
3245.333074776164,0.10408163265306114
3234.857247959436,0.10867346938775502
3241.183507134886,0.09948979591836726
3243.319486544149,0.09489795918367339
3249.2810614953505,0.09489795918367339
3251.539159093734,0.09489795918367339
3236.7917225493284,0.09948979591836726
3229.9645938111444,0.10408163265306114
3234.3211316766274,0.09489795918367339
3233.3349624982293,0.09030612244897951
3237.579815618949,0.09030612244897951
3238.647085829137,0.09030612244897951
3223.7413403327846,0.09948979591836726
3217.710126420546,0.09948979591836726
3223.7919351234286,0.09030612244897951
3227.014133982253,0.09030612244897951
3235.0036585373537,0.09489795918367339
3236.4083611074866,0.09489795918367339
3219.7350954716785,0.09948979591836726
3212.354327013095,0.09489795918367339
3218.8271534911582,0.08571428571428563
3222.9376911676227,0.08112244897959175
3231.000270597391,0.08112244897959175
3231.9895093894183,0.08571428571428563
3214.7094301023135,0.09489795918367339
3206.053054949765,0.09030612244897951
3211.491650064244,0.07653061224489788
3215.2472292519897,0.07653061224489788
3220.2065546751282,0.08112244897959175
3210.191778291407,0.08571428571428563
3184.323244051283,0.09489795918367339
3180.397894684278,0.09030612244897951
3189.0874435191226,0.07653061224489788
3193.8034043307243,0.07653061224489788
3201.20774381926,0.07653061224489788
3182.22306597356,0.07653061224489788
3149.718273153673,0.08112244897959175
3154.728966788861,0.07653061224489788
3170.887256615997,0.06734693877551012
3172.253919617946,0.06734693877551012
3175.334865286389,0.071938775510204
3168.527853231718,0.07653061224489788
3163.4755578203003,0.07653061224489788
3198.3420483597392,0.071938775510204
3233.205861229406,0.071938775510204
3239.512419981316,0.08112244897959175
3242.051619318302,0.08571428571428563
3234.0097839683176,0.08112244897959175
3212.9898648199824,0.08571428571428563
3203.3529219442426,0.09030612244897951
3207.5320004186747,0.08571428571428563
3207.747826647336,0.08112244897959175
3213.641262728878,0.08112244897959175
3223.7678500448046,0.08571428571428563
3229.356057235949,0.08571428571428563
3241.7702679727217,0.08571428571428563
3263.522341119754,0.09030612244897951
3276.802858850093,0.09489795918367339
3307.440336986152,0.09030612244897951
3354.4878519751483,0.09030612244897951
3369.926287788937,0.10408163265306114
3385.851428413463,0.1132653061224489
3406.716225091924,0.11785714285714277
3417.5710834622073,0.12244897959183665
3453.715796522894,0.12244897959183665
3497.238653314706,0.1316326530612244
3503.888196318966,0.1499999999999999
3506.503036656324,0.1499999999999999
3523.71535527587,0.1499999999999999
3541.6031968499847,0.15918367346938767
3582.049141223085,0.15918367346938767
3615.753661607193,0.15918367346938767
3599.8207335247744,0.17755102040816317
3597.238624495615,0.18214285714285705
3603.1146641301953,0.18214285714285705
3596.011641275758,0.18214285714285705
3613.6910426467994,0.16836734693877542
3629.696318728823,0.16836734693877542
3605.6493318612893,0.18214285714285705
3589.7536591158623,0.18214285714285705
3589.8329159632135,0.18214285714285705
3595.053894564429,0.18214285714285705
3584.3547369017115,0.18214285714285705
3553.1188500744274,0.18673469387755093
3534.3470717249465,0.18673469387755093
3501.3203450185397,0.17755102040816317
3456.1490462298725,0.19591836734693868
3416.106912793488,0.20510204081632644
3372.524963665317,0.16836734693877542
3350.455169936241,0.14540816326530603
2291.1393467205426,0.04591836734693873
815.5437253626444,0.003061224489795911
400.0,0.003061224489795911
937.2647376463517,-0.2058673469387755
1684.9850788504568,-0.49362244897959184
2045.8394345914035,-0.5272959183673469
2275.9977687328665,-0.4247448979591837
2442.502296345232,-0.38188775510204087
2594.003985140185,-0.30535714285714294
2745.1104951467323,-0.25867346938775515
2860.7243699693927,-0.20586734693877545
2922.1501551352685,-0.16301020408163244
2962.9406186025926,-0.1071428571428569
3001.467902957548,-0.05357142857142829
3063.2446998733376,-0.02678571428571406
3106.040855950031,0.00535714285714297
3139.285482389828,0.03214285714285725
3184.270040205053,0.03750000000000009
3205.8825353567104,0.04821428571428581
3219.0863303695387,0.0696428571428572
3236.522769959369,0.07500000000000004
3225.3494821665035,0.08035714285714292
3220.6844636080355,0.10178571428571434
3251.953302307743,0.10714285714285723
3295.5893852257977,0.1125000000000001
3337.471413857701,0.12857142857142873
3344.08355872408,0.1392857142857144
3313.928813970113,0.14387755102040828
3292.912697878342,0.14923469387755112
3319.000632535712,0.14846938775510216
3350.5488663120213,0.1431122448979593
3354.618659673238,0.1423469387755103
3337.3678718370556,0.14770408163265314
3317.139203483341,0.153826530612245
3315.7059219843622,0.1591836734693879
3329.6958929363145,0.15306122448979603
3332.1514872729886,0.14770408163265314
3325.711897085308,0.153826530612245
3325.575211384319,0.153826530612245
3332.549530458359,0.153826530612245
3332.372758985731,0.1591836734693879
3325.134384330595,0.1591836734693879
3322.022801623113,0.1591836734693879
3324.5730455405337,0.1591836734693879
3327.314404357906,0.1591836734693879
3277.5498461106654,0.1591836734693879
3222.5377907390493,0.1591836734693879
3210.3480729861863,0.15306122448979603
3211.2390833352624,0.14770408163265314
3218.9387482272477,0.14158163265306134
3227.8966140463244,0.12551020408163277
3204.14338962388,0.12551020408163277
3180.7593337751478,0.1362244897959185
3177.677075787071,0.1362244897959185
3168.7167664367626,0.12551020408163277
3179.1515427815766,0.12551020408163277
3202.850927825325,0.1201530612244899
3188.0057429087137,0.1201530612244899
3158.4370386899973,0.12551020408163277
3165.3495394250076,0.12551020408163277
3179.8142938037363,0.1201530612244899
3190.5364737887135,0.11479591836734707
3206.9721230370646,0.1094387755102042
3189.2944925547727,0.11020408163265318
3161.3101988090684,0.11556122448979604
3174.722473023089,0.10943877551020417
3191.099633956304,0.10943877551020417
3198.59697757567,0.10943877551020417
3213.79796502105,0.09872448979591847
3200.3141360850414,0.10484693877551034
3181.1581258361507,0.11556122448979604
3210.522374841121,0.11556122448979604
3240.009465574443,0.11556122448979604
3259.5986625470086,0.11556122448979604
3263.12768350013,0.12091836734693892
3204.6194349790385,0.12627551020408176
3153.050104137532,0.1369897959183675
3164.279972759643,0.1362244897959185
3183.9748482756795,0.1201530612244899
3192.7013941343007,0.1201530612244899
3205.0561977946236,0.1201530612244899
3181.848437845736,0.11479591836734707
3154.774449029819,0.11479591836734707
3177.702807541641,0.11479591836734707
3205.081834054433,0.10943877551020423
3227.9267114176837,0.10943877551020423
3230.622180574952,0.11479591836734707
3177.674703683666,0.1201530612244899
3139.109814565878,0.12551020408163277
3155.237667434606,0.12015306122448993
3174.583989520736,0.10408163265306136
3176.256793837905,0.10408163265306136
3171.506746912155,0.11479591836734707
3138.1161992537645,0.1201530612244899
3110.837772868381,0.1201530612244899
3125.5104862337894,0.10255102040816333
3135.1982801911595,0.08647959183673475
3137.3086312404303,0.08647959183673475
3144.9300806740184,0.09183673469387763
3110.24003877877,0.09183673469387763
3075.516044882068,0.09719387755102049
3091.560698619651,0.09719387755102049
3111.024967163486,0.08112244897959191
3127.0667544130865,0.08112244897959191
3139.5169637463932,0.08647959183673475
3105.5861268924536,0.08571428571428576
3071.9875155342834,0.0964285714285715
3086.7803595451715,0.09030612244897965
3107.249025432151,0.07423469387755106
3125.9524353160396,0.08035714285714292
3137.5264102149004,0.08035714285714292
3103.274586167503,0.07423469387755106
3069.5076762217236,0.09030612244897965
3082.4394160686606,0.12474489795918378
3097.773098672412,0.10790816326530622
3107.1925352363214,0.10178571428571435
3112.045693301768,0.10790816326530617
3071.5390494758376,0.11938775510204089
3032.634890797381,0.1239795918367348
3056.0155455080826,0.11250000000000009
3082.2000759146536,0.09642857142857152
3093.069074106382,0.09642857142857152
3100.01266327377,0.10178571428571435
3092.465473807908,0.10790816326530622
3081.421585546834,0.10867346938775518
3084.3449852686745,0.10867346938775518
3091.548835019776,0.10255102040816338
3100.717958771683,0.09642857142857152
3111.7312212643237,0.10331632653061232
3112.1237607530484,0.10331632653061232
3103.6166381108037,0.11096938775510211
3102.8509826660147,0.11326530612244907
3107.035024070593,0.11326530612244907
3111.7646100990605,0.11326530612244907
3128.1203819750253,0.10714285714285725
3144.3362355871413,0.11326530612244907
3142.448671687186,0.1193877551020409
3144.202162419556,0.11326530612244907
3158.3048748261976,0.11326530612244907
3128.6300687205353,0.13163265306122462
3093.3069425971325,0.13775510204081648
3100.1855348707486,0.12551020408163277
3113.4457406515203,0.1193877551020409
3111.096078395477,0.12551020408163274
3092.12325111229,0.1500000000000001
3039.6253395049825,0.15000000000000008
2991.2895561909063,0.11326530612244906
3009.968764550814,0.08265306122448987
3112.152799603923,0.05204081632653072
3236.6213938003057,0.05816326530612254
3278.3506109862947,0.08265306122448983
3228.2143454295274,0.11326530612244909
3170.107303739881,0.15000000000000013
3182.075042547802,0.15000000000000008
3197.3939744530853,0.14387755102040828
3208.4121767662364,0.14387755102040828
3215.364932478516,0.15000000000000008
3183.1539175540247,0.15612244897959193
3170.5115950727204,0.15612244897959193
3195.1660361123013,0.15000000000000008
3212.416157898164,0.14387755102040828
3223.7515134407054,0.14387755102040828
3234.466230098468,0.14387755102040828
3200.8330080420233,0.1500000000000001
3169.3021964589852,0.15612244897959193
3193.7319170635974,0.15000000000000008
3215.4902650647045,0.13775510204081642
3229.2304060188785,0.13163265306122462
3242.502832062826,0.13775510204081645
3208.903609200228,0.1500000000000001
3175.1876508249643,0.1500000000000001
3194.943634003169,0.13775510204081645
3214.587313090671,0.13163265306122462
3226.9035922555286,0.13163265306122462
3237.2683912183657,0.13775510204081645
3195.259769370188,0.1500000000000001
3148.1292946506874,0.15612244897959193
3160.084072503424,0.14158163265306134
3182.517191202211,0.1293367346938777
3201.189589343638,0.1293367346938777
3222.3920305211295,0.1293367346938777
3225.702039946269,0.13469387755102055
3212.6753348749844,0.13852040816326544
3213.079771546414,0.1331632653061226
3220.1667004461333,0.13163265306122462
3227.6334918567172,0.1369897959183675
3234.263052942584,0.14311224489795932
3226.604898847183,0.14923469387755112
3212.4097751063946,0.14311224489795932
3212.9620254579913,0.13163265306122462
3220.2762887258687,0.13086734693877564
3225.6908178978965,0.13086734693877564
3230.2499620137887,0.13698979591836746
3222.2790631933754,0.14846938775510216
3209.28965294479,0.14234693877551033
3213.347514854434,0.13086734693877564
3226.814519854031,0.13086734693877564
3237.0342927749257,0.1362244897959185
3244.461033079627,0.14158163265306134
3244.204746572719,0.14770408163265317
3236.8277327444025,0.14770408163265317
3239.722074042337,0.14158163265306134
3257.0598394651834,0.14158163265306134
3270.7998304249645,0.14770408163265317
3268.776900262398,0.14770408163265317
3258.500976655697,0.14770408163265317
3251.872119010168,0.14770408163265317
3255.4393979913466,0.14770408163265317
3260.502547628838,0.14770408163265317
3261.3443082035874,0.14770408163265317
3263.970368739374,0.14770408163265317
3264.1897332836725,0.14770408163265317
3264.2954934844333,0.14770408163265317
3264.039627131614,0.14770408163265317
3261.2909442478294,0.14770408163265317
3261.100080154959,0.14770408163265317
3263.36828276061,0.14770408163265317
3262.660175500886,0.14770408163265317
3261.0391626221513,0.14770408163265317
3259.279456312667,0.14770408163265317
3254.6969928564977,0.14770408163265317
3256.769549509241,0.1423469387755103
3259.113347002319,0.1423469387755103
3252.5375670928393,0.14770408163265317
3241.864454063641,0.14770408163265317
3240.1427642973927,0.14158163265306134
3249.96810306729,0.14158163265306134
3258.1368318137884,0.13622448979591847
3255.7345857278156,0.13622448979591847
3244.881742005625,0.14158163265306134
3234.269920674752,0.14158163265306134
3234.466476848961,0.14158163265306134
3236.2210666165374,0.14158163265306134
3235.4346120413334,0.13622448979591847
3241.034123760568,0.13622448979591847
3228.9501495459517,0.14158163265306134
3213.860347987781,0.1362244897959185
3221.962124671707,0.13086734693877564
3235.499634259017,0.13622448979591847
3236.8476923483117,0.13622448979591847
3233.5033371429363,0.13622448979591847
3224.858890014385,0.14158163265306134
3212.324722714049,0.14158163265306134
3214.7263468916785,0.13622448979591847
3224.8819562312756,0.13622448979591847
3231.0024758175073,0.13622448979591847
3225.2529645168506,0.13622448979591847
3207.9596065661062,0.14158163265306134
3190.7898290576786,0.1362244897959185
3184.552402165499,0.13086734693877564
3184.426821213595,0.12551020408163277
3184.845307368979,0.12551020408163277
3185.163945496455,0.12551020408163277
3174.0916179066094,0.13086734693877564
3160.0142994923754,0.1362244897959185
3157.96977579908,0.13086734693877564
3159.323780240756,0.1201530612244899
3160.0657305010964,0.1201530612244899
3161.81394967842,0.11403061224489808
3149.5735060892766,0.10790816326530622
3139.9818711497865,0.10790816326530622
3146.8435693514175,0.10790816326530622
3149.9115168731037,0.10790816326530622
3150.848347927109,0.10255102040816336
3154.7235370308763,0.10255102040816336
3141.132081046585,0.10790816326530622
3123.616948597087,0.10790816326530622
3121.4140877463087,0.10178571428571435
3118.168658147669,0.10178571428571435
3110.9865676275476,0.09642857142857149
3115.7550647077587,0.09107142857142865
3119.81819318825,0.09642857142857152
3113.7325957559165,0.10178571428571435
3115.661021300145,0.09642857142857149
3118.8083638725548,0.08571428571428577
3122.0555758787086,0.08571428571428577
3125.1564854435446,0.09107142857142865
3093.5663637271596,0.09642857142857152
3078.147812244692,0.09719387755102049
3103.9410979961312,0.09183673469387763
3114.942713316979,0.08647959183673475
3106.324343004645,0.08647959183673475
3106.3927864473117,0.08724489795918373
3103.2509258583214,0.0887755102040817
3104.8779964316755,0.09489795918367355
3127.697002032038,0.09489795918367355
3138.5869393924477,0.0887755102040817
3146.657525385486,0.0887755102040817
3154.288934963556,0.09489795918367355
3154.4704150452735,0.10714285714285725
3149.7130230714038,0.11326530612244907
3151.610039321371,0.10714285714285725
3160.217509269202,0.10102040816326542
3128.788403120667,0.10714285714285725
3111.9063444703193,0.10714285714285725
3133.023790613104,0.10714285714285725
3139.002298149384,0.11326530612244907
3112.411718298902,0.11326530612244905
3066.139961177738,0.13163265306122457
3002.6609743410163,0.12551020408163271
2956.2639880528086,0.09489795918367357
2966.279669703026,0.07040816326530619
3071.5517545780885,0.03979591836734704
3198.825804989806,0.03979591836734699
3222.0054617847704,0.05816326530612246
3199.9190201877236,0.09489795918367361
3186.396603217657,0.12551020408163277
3194.140956236287,0.12551020408163277
3186.0892632564555,0.12551020408163277
3174.2950880343783,0.12551020408163277
3160.3746587482524,0.12551020408163277
3125.6343233197,0.12551020408163277
3123.923810766509,0.12551020408163277
3151.3934644845467,0.11938775510204094
3163.8896764867122,0.11938775510204094
3171.8273786012123,0.11938775510204094
3178.4097103814447,0.11938775510204094
3137.9432462722534,0.12551020408163277
3116.8680347143795,0.11938775510204094
3149.998356612364,0.10714285714285725
3169.2141658122446,0.10714285714285725
3179.810240480926,0.10714285714285725
3184.580405385872,0.11326530612244907
3140.826452486348,0.12551020408163277
3120.411369283248,0.11938775510204094
3140.1809598309273,0.11326530612244907
3152.240483954568,0.10714285714285725
3180.756764391177,0.10102040816326542
3200.8859012831517,0.10102040816326542
3180.8792433194017,0.11326530612244912
3165.679699088638,0.12551020408163277
3178.276618900285,0.12321428571428583
3183.410997108921,0.117091836734694
3200.3054706468865,0.117091836734694
3223.0527662724135,0.11556122448979605
3202.843131037235,0.11556122448979605
3186.0915025510076,0.12168367346938785
3217.403144930282,0.12168367346938785
3243.587016747317,0.12627551020408176
3268.708112261049,0.12627551020408176
3291.115026810241,0.12627551020408176
3287.2246308248905,0.13163265306122462
3264.00782294875,0.1369897959183675
3238.726590638011,0.1369897959183675
3222.768455334657,0.1369897959183675
3222.7291687818024,0.13163265306122462
3235.313975926532,0.12627551020408176
3211.5599591527316,0.12627551020408176
3191.7436835090493,0.13086734693877564
3221.4432829828083,0.13086734693877564
3249.086662893198,0.11403061224489808
3272.892981839499,0.11403061224489808
3273.169020355742,0.12551020408163277
3208.1572566260493,0.13086734693877564
3166.007039375978,0.1362244897959185
3182.0068536624085,0.13086734693877564
3191.8369050504016,0.12551020408163277
3204.7264944490157,0.12551020408163277
3215.456417692504,0.1201530612244899
3171.6373992472127,0.12551020408163277
3146.9127622632036,0.13086734693877564
3183.3118302941834,0.12551020408163277
3207.377566817632,0.11403061224489808
3229.865697192697,0.11403061224489808
3232.5028167993073,0.1201530612244899
3179.221185598176,0.12551020408163277
3156.1441586277415,0.13086734693877566
3188.382341698203,0.1255102040816328
3211.4103998856363,0.10943877551020423
3234.8609081679656,0.10943877551020423
3238.661620605291,0.1201530612244899
3194.5825836585846,0.1201530612244899
3162.4552302753227,0.1201530612244899
3164.058880500074,0.1201530612244899
3164.4441001529435,0.1201530612244899
3171.0440282268,0.11479591836734704
3180.8736727235864,0.10408163265306136
3153.2626942131183,0.10943877551020423
3131.050488474575,0.11479591836734707
3150.916088543364,0.09719387755102046
3165.0233566205175,0.09183673469387763
3172.7951339332776,0.09183673469387763
3181.8107560356484,0.09183673469387763
3156.6162745744537,0.10331632653061235
3140.378471068254,0.10331632653061235
3155.4605917976987,0.09795918367346948
3160.016701198786,0.09795918367346948
3168.4221295341467,0.09260204081632661
3184.255491122375,0.09260204081632661
3147.245589214837,0.10408163265306133
3125.411286932964,0.10408163265306133
3167.388825711227,0.12091836734693888
3188.162876531614,0.12091836734693888
3205.765522141869,0.12704081632653075
3205.681739631505,0.12704081632653075
3147.7634130997512,0.13698979591836746
3113.39697856586,0.13698979591836746
3132.264330754599,0.1201530612244899
3140.294004313806,0.1201530612244899
3143.2378482083377,0.1201530612244899
3144.180356637992,0.1201530612244899
3100.5527150470325,0.1308673469387756
3065.7083653112404,0.1308673469387756
3077.3421699903683,0.1201530612244899
3092.44241078075,0.10943877551020417
3110.8808406637354,0.10331632653061232
3116.566726962901,0.10867346938775516
3075.197429489959,0.12551020408163274
3053.175184942449,0.12551020408163277
3083.6855879040504,0.11479591836734707
3101.112747763095,0.10943877551020417
3109.6516114571214,0.10331632653061232
3115.589075737562,0.10331632653061232
3065.6521190358853,0.11403061224489804
3042.8142087903657,0.11938775510204092
3091.5121570617707,0.10867346938775518
3115.1727343770867,0.10255102040816333
3106.333356180415,0.10255102040816333
3093.449717312773,0.10255102040816333
3042.059880738916,0.11326530612244906
3000.6926672950767,0.11862244897959193
3024.9465562920677,0.10255102040816336
3054.2229397179635,0.09183673469387763
3073.7814265924326,0.09107142857142864
3081.4824211240784,0.09030612244897965
3031.6217917039576,0.10178571428571437
2992.7962123557495,0.10178571428571437
3009.6267751246223,0.09030612244897965
3038.962328838192,0.08494897959183681
3072.2080987012205,0.07423469387755106
3080.159424881367,0.07346938775510208
3031.7274851606026,0.08954081632653069
3010.216034690267,0.08954081632653069
3058.0853732649484,0.07346938775510208
3084.0310589686014,0.0795918367346939
3099.506328208252,0.0795918367346939
3114.237377301655,0.08035714285714288
3082.9156470755497,0.10255102040816336
3051.7187706571012,0.11479591836734698
3069.7630712266637,0.10484693877551024
3091.090616127091,0.09260204081632659
3099.700265710966,0.08265306122448984
3109.634636545986,0.08265306122448984
3078.7785437613547,0.10102040816326538
3063.6470700090676,0.1071428571428572
3101.139991312657,0.10102040816326538
3133.935675905692,0.09489795918367357
3119.4322529299943,0.10102040816326538
3103.837911361544,0.1071428571428572
3116.067704705534,0.1071428571428572
3112.9822425211464,0.1071428571428572
3114.9774864277542,0.12551020408163274
3098.645293813992,0.15612244897959193
3040.1393592867553,0.14387755102040828
2995.762617083199,0.10714285714285726
3014.7212436310183,0.06428571428571432
3126.872366994113,0.045918367346938854
3254.257570558463,0.06428571428571436
3279.0341710388775,0.08265306122448984
3227.0790619556665,0.12551020408163277
3179.7857503205837,0.15612244897959193
3191.589998460994,0.14387755102040828
3196.744214321127,0.14387755102040828
3203.0714705108758,0.14387755102040828
3213.8166903914307,0.14387755102040828
3193.3523094599286,0.15000000000000008
3188.1598704708085,0.15000000000000008
3213.519618588978,0.14387755102040828
3233.1993775702394,0.14387755102040828
3243.8879229826853,0.14387755102040828
3245.074658040941,0.14387755102040828
3188.083988743321,0.15612244897959193
3161.2548433444,0.15612244897959193
3208.547194100347,0.14387755102040828
3238.6409192312353,0.14387755102040828
3253.42039201835,0.14387755102040828
3249.525390339866,0.14387755102040828
3194.266354558857,0.15612244897959193
3173.080498764398,0.1500000000000001
3211.54173275384,0.13775510204081645
3230.2790784262843,0.13163265306122462
3245.211201960823,0.13163265306122462
3250.3151617671065,0.14387755102040828
3214.130744843484,0.15612244897959193
3194.8398288227418,0.14387755102040828
3220.183771104846,0.13469387755102055
3241.935583919845,0.1469387755102042
3254.7517487609066,0.1469387755102042
3250.251203980636,0.1469387755102042
3197.217722809486,0.1507653061224491
3177.9765728819543,0.13852040816326544
3216.078778554469,0.1331632653061226
3237.915301090292,0.1331632653061226
3252.2832997435685,0.13852040816326544
3249.3250035202364,0.14923469387755112
3197.3515950797055,0.14923469387755112
3174.352005195619,0.13698979591836746
3213.930553048114,0.13163265306122462
3242.7771709454355,0.13086734693877566
3259.1298417451335,0.13086734693877566
3257.9448851397665,0.13086734693877566
3213.950354201461,0.1362244897959185
3195.4610612910137,0.1362244897959185
3232.974756995116,0.13086734693877566
3258.4632759115175,0.1362244897959185
3273.7744316688922,0.1362244897959185
3275.6228681814246,0.1423469387755103
3217.2648723967895,0.14770408163265314
3197.812417713855,0.14770408163265314
3247.344877435781,0.14770408163265314
3272.3491954570663,0.14770408163265314
3280.8881894018023,0.14770408163265314
3279.5745878350585,0.14770408163265314
3270.4755223633874,0.14770408163265314
3265.94908083028,0.15306122448979603
3275.1818144266826,0.15306122448979603
3287.220638272707,0.14770408163265314
3292.385534080985,0.14770408163265314
3293.8496868078882,0.15306122448979603
3295.2980961732046,0.15306122448979603
3292.675772283792,0.15306122448979603
3294.7422680555,0.15306122448979603
3301.2820416440454,0.15306122448979603
3302.041714074665,0.15306122448979603
3298.285075699604,0.15306122448979603
3279.949752242592,0.15306122448979603
3262.7119658472366,0.15306122448979603
3266.986910550225,0.15306122448979603
3275.6117138637906,0.14770408163265314
3277.5158246616584,0.14770408163265314
3274.2023736442725,0.14770408163265314
3266.7346403972992,0.14770408163265314
3259.7663550806847,0.15306122448979603
3260.0414712035026,0.15306122448979603
3253.769222446331,0.14770408163265314
3254.663124446546,0.1423469387755103
3264.0013260902842,0.1423469387755103
3254.3055144161767,0.14770408163265314
3241.1151327722573,0.14770408163265314
3244.443547869376,0.1423469387755103
3248.1929144034093,0.1362244897959185
3249.6555758729264,0.1362244897959185
3251.495728640224,0.1362244897959185
3245.207309326933,0.14158163265306134
3235.3960367189675,0.14158163265306134
3236.5769769075623,0.1362244897959185
3241.141356385435,0.1362244897959185
3242.3135155348364,0.1308673469387756
3241.965708435865,0.12551020408163277
3230.8805721533126,0.1362244897959185
3220.4617985185146,0.1362244897959185
3223.8324362758904,0.13086734693877566
3223.0088833648297,0.1362244897959185
3223.3030193970903,0.1308673469387756
3226.2993314363057,0.12551020408163277
3212.2884131691044,0.1362244897959185
3199.156869083042,0.1362244897959185
3199.548190884924,0.12551020408163277
3193.4473415023767,0.12551020408163277
3190.806982422444,0.12551020408163277
3193.976433507452,0.12551020408163277
3179.8701250747463,0.1362244897959185
3220.90365877593,0.1362244897959185
3285.545320436424,0.12551020408163277
3314.3703330863336,0.12551020408163277
3339.0816114280888,0.1362244897959185
3344.580680346714,0.14770408163265314
3318.3668314342567,0.153826530612245
3283.748393428291,0.15918367346938786
3260.5398886983903,0.15306122448979603
3261.2495655102457,0.1423469387755103
3277.2774763124007,0.1423469387755103
3306.3909095755516,0.1423469387755103
3344.9794798418297,0.1423469387755103
3374.6800851580383,0.15382653061224502
3398.282409463011,0.15994897959183685
3407.225353737088,0.15535714285714294
3425.1890331384648,0.15535714285714294
3475.970670932992,0.16683673469387764
3513.251225115361,0.189795918367347
3538.393161602935,0.19209183673469393
3554.9126583237166,0.19209183673469393
3554.022300495299,0.1982142857142858
3564.8142714910655,0.19515306122448983
3593.4226170412076,0.2073979591836735
3604.904442259582,0.21734693877551026
3605.710458007853,0.21734693877551026
3611.3572296930715,0.21734693877551026
3625.443352302972,0.21734693877551026
3663.1904210429375,0.21122448979591843
3700.8241081688307,0.21122448979591843
3686.3151192473215,0.2295918367346939
3656.3627625713125,0.24795918367346942
3656.4601476070006,0.24795918367346942
3661.112744431788,0.2357142857142857
3678.3358782081905,0.2357142857142857
3710.2536535975687,0.24183673469387756
3716.9841074417236,0.2479591836734694
3712.4916575349343,0.2540816326530613
3730.581520914255,0.2540816326530613
3758.9011944670647,0.2602040816326531
3741.162458995169,0.2602040816326531
3711.6587850210353,0.2602040816326531
3687.585318446345,0.2663265306122449
3651.459367925208,0.2663265306122449
3614.470675120716,0.2785714285714286
3552.8136305676917,0.29081632653061223
3496.8334752136525,0.2663265306122449
3465.019157398907,0.2295918367346939
2958.5666446970945,0.1408163265306123
1436.1147310851406,0.03214285714285716
400.0,0.03214285714285716
691.9867908759436,-0.0704081632653061
1391.6439372261702,-0.3834183673469388
1911.8272042936917,-0.5839285714285715
2175.569915936232,-0.4668367346938775
2403.0083219361577,-0.3948979591836735
2589.573334835494,-0.3290816326530613
2781.4364570938415,-0.27091836734693886
2903.0790833922892,-0.21045918367346939
2963.1226205191124,-0.16607142857142837
2998.7988863552455,-0.13392857142857123
3037.5409187294526,-0.06964285714285703
3103.0695120622263,-0.015306122448979533
3161.407681724695,0.0091836734693878
3189.251196638018,0.021428571428571443
3209.2301065911142,0.03367346938775513
3241.5734740598355,0.05663265306122445
3273.526132598802,0.06964285714285698
3309.4640085249657,0.07959183673469372
3341.022143918314,0.10025510204081618
3349.488672787572,0.11096938775510182
3356.059397669008,0.12474489795918348
3374.3207880247683,0.145408163265306
3382.530079536219,0.145408163265306
3382.12871998353,0.145408163265306
3382.3166620351685,0.1591836734693876
3370.9666670494644,0.16607142857142843
3363.819448000408,0.16607142857142843
3374.5070684711905,0.1591836734693876
3381.7235814155165,0.1591836734693876
3374.107073097734,0.1591836734693876
3369.252924490529,0.1591836734693876
3369.5944186353304,0.16607142857142843
3369.1501682296002,0.16607142857142843
3366.5586521306645,0.1591836734693876
3354.5845282247938,0.1591836734693876
3353.1271520679493,0.1591836734693876
3372.5593689041084,0.1591836734693876
3383.6532432531185,0.16607142857142843
3378.096449877244,0.16607142857142843
3387.042463417101,0.1591836734693876
3406.955056537227,0.1591836734693876
3424.935010076361,0.16607142857142843
3442.092210775974,0.16607142857142843
3435.719072143594,0.1729591836734693
3415.968088335964,0.17984693877551008
3406.314087647874,0.17295918367346924
3414.465254214602,0.16607142857142843
3425.417699332626,0.1729591836734693
3404.3877474777382,0.17984693877551008
3355.1605919726258,0.17295918367346924
3323.9524648758643,0.16607142857142843
3329.1019053394693,0.1591836734693876
3336.2891785456704,0.1591836734693876
3336.0782188060316,0.1591836734693876
3338.210728571551,0.1591836734693876
3332.079642457056,0.1591836734693876
3331.9712773676365,0.1591836734693876
3342.4558081051564,0.18673469387755087
3339.889972368175,0.18673469387755087
3332.0918382873283,0.18673469387755087
3333.6855125107218,0.18673469387755087
3327.136259278591,0.18673469387755087
3315.6018243330673,0.18673469387755087
3315.799877421754,0.18673469387755087
3313.407784162853,0.18673469387755087
3314.957832356533,0.18673469387755087
3315.324938689738,0.17984693877551008
3300.8611129145793,0.17984693877551008
3293.175013965349,0.17984693877551008
3293.7465841708945,0.17984693877551008
3290.1550354893793,0.17295918367346927
3293.9621501869815,0.16607142857142843
3301.498134352463,0.16607142857142843
3295.698465437448,0.17295918367346927
3292.4254799096284,0.17295918367346927
3293.247499236662,0.17295918367346927
3287.267380835846,0.17295918367346927
3289.441779357725,0.16607142857142843
3292.598583233502,0.16607142857142843
3279.921153648522,0.17295918367346927
3268.015434689858,0.17295918367346927
3272.792089072007,0.16607142857142843
3277.427483688887,0.16607142857142843
3279.7105989175047,0.16607142857142843
3283.366444535958,0.16607142857142843
3272.8700320052785,0.17295918367346927
3260.5525108669162,0.17295918367346927
3260.246867083963,0.16607142857142843
3261.622609736496,0.16607142857142843
3270.5327458617085,0.16607142857142843
3273.9296957946167,0.16607142857142843
3254.414480210904,0.16607142857142843
3239.515397872755,0.16607142857142843
3240.9447509787683,0.16607142857142843
3239.770332170139,0.16607142857142843
3243.8100947663606,0.1591836734693876
3243.361820614333,0.1591836734693876
3221.5871934577062,0.16607142857142843
3211.642114781432,0.16607142857142843
3220.0590876300757,0.1591836734693876
3224.563203699649,0.1591836734693876
3234.914931747918,0.1591836734693876
3227.819658344671,0.1591836734693876
3191.763549405002,0.16607142857142843
3175.3983529899806,0.16607142857142843
3183.1870929625006,0.14540816326530598
3194.16460369171,0.13852040816326516
3209.8962804131925,0.13852040816326516
3184.5885091347545,0.13852040816326516
3116.984563912406,0.1591836734693876
3096.623349095257,0.1522959183673468
3128.199076495697,0.12474489795918346
3140.190067956082,0.12474489795918346
3151.3957217970938,0.12474489795918346
3144.1722970600467,0.12474489795918346
3097.5801930526286,0.1385204081632651
3094.1621509347033,0.1385204081632651
3123.7143397178133,0.12474489795918346
3135.626814255611,0.1178571428571426
3149.386894336219,0.1178571428571426
3140.2892272700474,0.1178571428571426
3097.1663828293836,0.13163265306122426
3084.7343751963567,0.13163265306122426
3111.1256457583463,0.1178571428571426
3140.675590914352,0.1109693877551018
3166.051787390489,0.1109693877551018
3148.697447504478,0.1178571428571426
3088.193414463283,0.13163265306122426
3083.6463341628864,0.13163265306122426
3131.717832774778,0.1178571428571426
3165.0055170267615,0.1178571428571426
3188.0413409416024,0.1178571428571426
3174.5782145946514,0.12474489795918346
3140.298309770267,0.13163265306122432
3155.4983305569654,0.13163265306122432
3191.032487762705,0.12474489795918346
3197.612194412342,0.12474489795918346
3169.1390301681886,0.1385204081632651
3155.6586924802614,0.1385204081632651
3162.1298391526607,0.13163265306122432
3156.9232016889837,0.13163265306122432
3154.4555293009657,0.15918367346938758
3121.6082454404113,0.16913265306122433
3060.045812503714,0.14005102040816314
3042.490085815618,0.1147959183673469
3111.124003571759,0.07653061224489796
3234.6746022022744,0.07653061224489796
3304.881060404757,0.09948979591836732
3305.409208081889,0.12244897959183669
3271.9435272158184,0.16836734693877548
3221.644255747723,0.17602040816326525
3193.3134000557943,0.1760204081632652
3196.1188738598985,0.1760204081632652
3200.0783188785745,0.1691326530612244
3184.2514301871215,0.1691326530612244
3159.694678824717,0.1691326530612244
3172.68171559041,0.16147959183673458
3209.355475049573,0.15382653061224477
3227.5071035392966,0.1599489795918366
3244.6788300086473,0.1591836734693876
3228.735554802252,0.1591836734693876
3196.7414683627976,0.16607142857142843
3208.7362935308165,0.16607142857142843
3241.598688234554,0.16607142857142843
3256.1141309085706,0.16607142857142843
3263.902485482593,0.1591836734693876
3256.9149385632054,0.1591836734693876
3226.03572105102,0.16607142857142843
3223.931573866516,0.16607142857142843
3250.1771832712193,0.1591836734693876
3266.4520787938704,0.1591836734693876
3275.0238275020306,0.1591836734693876
3265.3737330877098,0.1591836734693876
3240.9588780071736,0.16607142857142843
3247.7062065201508,0.16607142857142843
3273.7254157408206,0.16607142857142843
3277.2365012740984,0.16607142857142843
3276.324429657784,0.16607142857142843
3270.3473473161475,0.16607142857142843
3253.033345056335,0.16607142857142843
3251.414924008832,0.16607142857142843
3266.853700854027,0.1591836734693876
3280.700300133072,0.1591836734693876
3290.3013131995076,0.1591836734693876
3282.3770031109066,0.1591836734693876
3260.3243825691943,0.16607142857142843
3254.236892152687,0.16607142857142843
3265.441873923337,0.16607142857142843
3275.707714991506,0.16607142857142843
3277.873944611134,0.1591836734693876
3257.699378532228,0.1591836734693876
3228.048442855112,0.16607142857142843
3231.125239750093,0.16607142857142843
3255.247342952942,0.1591836734693876
3263.2057076779433,0.1591836734693876
3264.0106225934724,0.1591836734693876
3241.962950470167,0.1522959183673468
3192.2281110592226,0.1591836734693876
3195.375911902262,0.16607142857142843
3231.876088450708,0.15229591836734682
3245.6553913423586,0.145408163265306
3254.7448151925128,0.145408163265306
3236.620759087189,0.145408163265306
3197.149817755544,0.1522959183673468
3198.7820575786236,0.1522959183673468
3223.4732669935074,0.13852040816326516
3234.867076914545,0.13852040816326516
3250.196891171725,0.13852040816326516
3236.536495308541,0.13852040816326516
3195.1824237702513,0.1522959183673468
3196.4641925981505,0.1522959183673468
3221.2945023959683,0.13852040816326516
3226.7482962672793,0.13852040816326516
3235.4151224773323,0.13852040816326516
3220.714479660999,0.13852040816326516
3188.380606809252,0.1522959183673468
3199.2611382220434,0.1522959183673468
3220.7409817237076,0.13852040816326516
3222.953815726067,0.13852040816326516
3230.8208942869464,0.13852040816326516
3232.632787461631,0.13852040816326516
3216.334557466067,0.145408163265306
3211.8166044253985,0.145408163265306
3218.1776222253147,0.1316326530612243
3215.038432575365,0.1316326530612243
3213.134175076613,0.1316326530612243
3218.777733887276,0.1316326530612243
3216.640618870735,0.13852040816326516
3210.4856144405185,0.13163265306122432
3213.2909567557817,0.12474489795918346
3216.896395170942,0.1316326530612243
3222.9972595271865,0.1316326530612243
3228.2819273661007,0.1316326530612243
3213.8089348163635,0.145408163265306
3198.061826158616,0.13852040816326516
3197.3241940954977,0.12474489795918346
3195.7036784481843,0.12474489795918346
3201.511378902898,0.12474489795918346
3203.978360508815,0.1316326530612243
3188.6493520064328,0.13852040816326516
3178.9916877283085,0.13163265306122432
3180.30793266597,0.12474489795918346
3179.4661642469073,0.12474489795918346
3186.4184593979344,0.12474489795918346
3190.294023417721,0.12474489795918346
3179.6013809250444,0.12474489795918346
3173.833668136787,0.12474489795918346
3175.1929586391316,0.12474489795918346
3172.6098666335656,0.1178571428571426
3175.9909283686175,0.1178571428571426
3176.9173555529396,0.12474489795918346
3163.160009973314,0.12474489795918346
3166.408136063932,0.1178571428571426
3178.174409635988,0.1178571428571426
3176.8554391253633,0.1178571428571426
3185.4074872088004,0.1178571428571426
3192.6981380930706,0.12474489795918346
3179.560021035409,0.12474489795918346
3173.7324619567366,0.12474489795918346
3179.5434456593666,0.12474489795918346
3176.4297259257223,0.12474489795918346
3174.6617061437405,0.12474489795918346
3172.293003273783,0.12474489795918346
3152.5562627215286,0.12474489795918346
3143.831558193455,0.1178571428571426
3153.593657653336,0.11096938775510182
3160.1952972273066,0.104081632653061
3165.085620768767,0.1109693877551018
3155.743424346524,0.1178571428571426
3136.7937507959296,0.1178571428571426
3137.806389935424,0.1109693877551018
3151.15271389727,0.104081632653061
3154.7737701942465,0.104081632653061
3158.5625225457443,0.1109693877551018
3157.427598564498,0.1178571428571426
3141.601452051944,0.1178571428571426
3136.957307635037,0.1109693877551018
3142.727470370907,0.09719387755102016
3141.982719430615,0.09719387755102016
3149.7059041845514,0.09719387755102016
3159.721998183406,0.09719387755102016
3154.3986954065613,0.1109693877551018
3156.629171684652,0.1109693877551018
3166.4523767024502,0.1109693877551018
3167.8363806770176,0.12474489795918346
3175.8398934596153,0.12474489795918346
3179.6208370563136,0.12474489795918346
3167.9030540765716,0.12474489795918346
3169.1125417548146,0.12474489795918346
3181.4902518274985,0.12474489795918346
3174.0183206557126,0.12474489795918346
3139.925954289013,0.12474489795918346
3145.170410832599,0.1178571428571426
3165.3399828001775,0.1178571428571426
3152.616494862706,0.1109693877551018
3129.760409498491,0.13163265306122426
3088.0055203367583,0.143112244897959
3038.0201599811226,0.11173469387755088
3035.9814251896105,0.0987244897959183
3117.4671969433157,0.06122448979591839
3239.796011758862,0.04591836734693881
3309.3403586522695,0.06887755102040818
3302.158551109359,0.10714285714285712
3269.3112420382695,0.15306122448979584
3244.678605599268,0.16071428571428564
3231.989575023884,0.16071428571428564
3238.5336583927265,0.16071428571428564
3239.370557537432,0.15765306122448974
3237.586312116831,0.15765306122448974
3235.6885934197126,0.1691326530612244
3237.8149288697023,0.17066326530612233
3248.856338334627,0.14923469387755095
3257.6395356974285,0.13928571428571418
3272.405872079123,0.145408163265306
3274.0172391630995,0.15229591836734682
3256.7298378056594,0.15229591836734682
3254.813800824132,0.145408163265306
3266.7170589020725,0.145408163265306
3276.4506679611322,0.145408163265306
3286.8762324659356,0.145408163265306
3288.0837406456176,0.15229591836734682
3271.6195302502756,0.15229591836734682
3262.5533347811424,0.145408163265306
3268.4399769877527,0.13852040816326516
3276.2735661754004,0.13852040816326516
3289.424264649154,0.13852040816326516
3285.944580449672,0.13852040816326516
3267.4877375238716,0.1522959183673468
3267.657864110163,0.1522959183673468
3276.4667433471504,0.145408163265306
3280.371984654614,0.145408163265306
3290.828921592652,0.145408163265306
3286.290751854359,0.15229591836734682
3264.386110622012,0.15229591836734682
3264.3374871843253,0.145408163265306
3275.4029963564954,0.16607142857142843
3279.412858318342,0.16607142857142843
3281.389582116868,0.16607142857142843
3273.951700956005,0.16607142857142843
3262.478132278923,0.1729591836734693
3267.8836591687395,0.1729591836734693
3278.2487112322133,0.16607142857142843
3277.2046369014497,0.16607142857142843
3283.152210617409,0.16607142857142843
3284.4917035588533,0.16607142857142843
3269.1509405403367,0.1729591836734693
3269.1655520958698,0.1729591836734693
3280.675538889446,0.16607142857142843
3283.8948001105,0.16607142857142843
3291.8000628356667,0.16607142857142843
3296.2339585236296,0.16607142857142843
3288.256932795332,0.17984693877551006
3288.149240957032,0.17984693877551006
3299.5540544029877,0.16607142857142843
3307.0669436561748,0.16607142857142843
3314.6009077806634,0.16607142857142843
3326.130955889179,0.16607142857142843
3322.1187864587387,0.1729591836734693
3319.132262068062,0.1729591836734693
3329.679826858638,0.17984693877551006
3332.9972488512158,0.18673469387755087
3330.096464022889,0.17984693877551008
3326.451261936394,0.17984693877551008
3316.084088837927,0.18673469387755087
3318.990254659934,0.17984693877551006
3336.8659766089486,0.16607142857142843
3343.3120215409253,0.16607142857142843
3342.2450217307887,0.1729591836734693
3338.57136953155,0.17984693877551008
3329.8947172604094,0.17984693877551008
3325.188382286421,0.17984693877551008
3328.3124726480983,0.17984693877551008
3335.2375239636694,0.17984693877551008
3331.487997373758,0.17984693877551008
3315.3110150521734,0.17984693877551008
3306.4497407118515,0.17984693877551008
3305.026842122913,0.1729591836734693
3307.9421969743466,0.16607142857142843
3308.5016129348332,0.16607142857142843
3312.5327876447036,0.16607142857142843
3310.2066217570055,0.16607142857142843
3292.777084203478,0.1729591836734693
3290.7548445522616,0.1729591836734693
3297.9453403921707,0.16607142857142843
3296.1918641820303,0.16607142857142843
3296.802140611599,0.16607142857142843
3297.6430008047605,0.16607142857142843
3291.9504032238237,0.16607142857142843
3288.227342528087,0.16607142857142843
3290.8485306704342,0.16607142857142843
3299.5689864623105,0.16607142857142843
3311.079415373525,0.1729591836734693
3302.615529626451,0.1729591836734693
3273.7250793325134,0.1729591836734693
3264.3323310227433,0.1729591836734693
3274.3614111481547,0.16607142857142843
3284.086572758501,0.16607142857142843
3293.475092556981,0.1591836734693876
3280.7341379094614,0.1591836734693876
3252.48691018264,0.16607142857142843
3248.4960854557576,0.16607142857142843
3257.483639705498,0.16607142857142843
3259.2092504624543,0.16607142857142843
3258.199897146911,0.1591836734693876
3256.7906106588116,0.1591836734693876
3243.5407339364783,0.16607142857142843
3232.0041855928303,0.16607142857142843
3232.629129691819,0.1591836734693876
3234.5878765997622,0.1591836734693876
3238.2504039176256,0.1591836734693876
3236.4958571877296,0.1591836734693876
3222.7319115932073,0.16607142857142843
3213.563875428966,0.16607142857142843
3214.935624336877,0.1522959183673468
3214.1747486017603,0.145408163265306
3216.6812852073544,0.15229591836734682
3215.2738562953664,0.1591836734693876
3194.434635182797,0.16607142857142843
3176.601080813237,0.15918367346938758
3175.8930209033474,0.14540816326530598
3181.9533156956186,0.13163265306122432
3189.5262323355905,0.12474489795918346
3145.799691545285,0.13163265306122432
3088.6502775395206,0.14540816326530598
3097.2298377688244,0.13852040816326514
3127.273695802807,0.12474489795918346
3147.687423912677,0.11785714285714262
3159.7187887848568,0.11096938775510178
3115.5615493379682,0.11096938775510178
3063.8991049423257,0.12474489795918346
3073.0254100843076,0.12474489795918346
3100.5648668441277,0.10408163265306102
3108.2745924480087,0.10408163265306102
3125.7210624135523,0.11096938775510182
3119.9736268123634,0.11096938775510182
3100.6342371216842,0.11096938775510182
3135.909507548142,0.11096938775510182
3169.223234919993,0.11096938775510182
3184.1672685956296,0.11096938775510182
3197.9719773365778,0.11785714285714262
3200.70683924649,0.12474489795918346
3191.4511395464133,0.13163265306122432
3192.5495677260274,0.13163265306122432
3209.519827287313,0.12474489795918346
3193.0975133412758,0.13852040816326516
3161.290476951889,0.15229591836734682
3168.3406445101405,0.14540816326530598
3181.440715822251,0.13852040816326516
3164.3097657816243,0.13163265306122432
3142.7133055421846,0.1660714285714284
3096.134456132336,0.16989795918367334
3039.017736723941,0.1278061224489795
3034.093757417674,0.11479591836734691
3118.435839677033,0.06887755102040818
3242.1769437270004,0.061224489795918394
3301.738116734544,0.08418367346938775
3306.7074305813094,0.12244897959183669
3271.711152539488,0.17602040816326525
3221.9199875142003,0.17602040816326525
3191.46130344451,0.16836734693877542
3198.0943654033845,0.16071428571428564
3205.5571513015757,0.1545918367346938
3187.297033533201,0.1622448979591836
3177.3414168599816,0.16683673469387744
3179.369086209698,0.15382653061224477
3190.494881814341,0.15382653061224477
3214.4423014931126,0.1591836734693876
3236.4756070955755,0.15229591836734682
3216.558435321289,0.1591836734693876
3191.5032347887254,0.16607142857142843
3208.3262277660797,0.1591836734693876
3226.876005394057,0.145408163265306
3240.938488488964,0.145408163265306
3262.010713628967,0.145408163265306
3243.08354753171,0.145408163265306
3216.9466428160854,0.15229591836734682
3236.8771785214767,0.15229591836734682
3252.577830677559,0.1591836734693876
3258.603452278272,0.16607142857142843
3266.1832089376376,0.1591836734693876
3234.3509765081076,0.1591836734693876
3208.860086407079,0.16607142857142843
3231.5183010688515,0.1591836734693876
3249.9616402986503,0.15229591836734682
3262.8985378506713,0.1591836734693876
3279.392070136787,0.1591836734693876
3252.598963384636,0.15229591836734682
3221.2024683178333,0.1591836734693876
3232.010758934519,0.1591836734693876
3245.425887457157,0.15229591836734682
3259.1845706134727,0.15229591836734682
3276.8525430044474,0.15229591836734682
3253.2634608829467,0.15229591836734682
3221.264775698753,0.15229591836734682
3235.7016568208333,0.15229591836734682
3262.40462815293,0.15229591836734682
3269.937307037427,0.15229591836734682
3262.1306122922238,0.15229591836734682
3223.908886228365,0.15229591836734682
3194.994348324632,0.15229591836734682
3217.990153576645,0.15229591836734682
3243.588590154527,0.15229591836734682
3255.028982514058,0.15229591836734682
3254.7453410991893,0.145408163265306
3221.938102351304,0.145408163265306
3199.339654741707,0.15229591836734682
3221.133005598848,0.15229591836734682
3234.093252740995,0.145408163265306
3236.8622986807377,0.145408163265306
3245.2079577508453,0.13852040816326516
3221.639889324272,0.13852040816326516
3196.678689140372,0.15229591836734682
3208.161190057784,0.15229591836734682
3219.2166986135444,0.13852040816326516
3226.763010700584,0.13852040816326516
3238.0986212261705,0.13852040816326516
3212.990917571001,0.13852040816326516
3179.422814881763,0.15229591836734682
3190.7099494033037,0.13852040816326514
3212.5410983942165,0.12474489795918346
3229.702528683432,0.13163265306122432
3240.9568656124225,0.13163265306122432
3201.5980076477704,0.13852040816326516
3160.3578840482796,0.15229591836734682
3180.0814022826867,0.13852040816326514
3203.9575429088463,0.12474489795918346
3217.7305126439774,0.12474489795918346
3228.5786956488573,0.12474489795918346
3200.1444784490905,0.13163265306122432
3169.5005251775,0.13852040816326516
3183.233846769825,0.13163265306122432
3204.34201644142,0.12474489795918346
3217.2504752601967,0.12474489795918346
3223.592012598705,0.12474489795918346
3199.5879246696577,0.13163265306122432
3167.875757699405,0.13852040816326516
3170.377840638319,0.13163265306122432
3185.9549035087557,0.12474489795918346
3194.684062729576,0.12474489795918346
3202.5679148617946,0.12474489795918346
3179.0679948600227,0.12474489795918346
3150.7070512294267,0.12474489795918346
3164.6589829722743,0.12474489795918346
3183.038509139102,0.12474489795918346
3188.6581572854566,0.12474489795918346
3188.414012119675,0.12474489795918346
3150.5916276872786,0.12474489795918346
3116.0918089746547,0.1247448979591835
3137.778686820193,0.11785714285714266
3158.7372319213264,0.09719387755102016
3165.1091063589774,0.09719387755102016
3176.157430682959,0.11785714285714262
3172.9327301917647,0.11785714285714262
3157.3585080944704,0.11096938775510182
3157.1357831158793,0.11096938775510182
3160.4057297860254,0.09719387755102016
3160.5772439085804,0.09719387755102016
3166.2990099774133,0.10408163265306102
3155.333338253302,0.10408163265306102
3158.900520142868,0.11096938775510182
3195.716384920276,0.11096938775510182
3224.841480498755,0.11785714285714262
3244.4341824263734,0.12474489795918346
3246.2637615923018,0.12474489795918346
3222.5740138807505,0.13852040816326516
3199.566175626537,0.13852040816326516
3193.280088910897,0.12474489795918346
3202.309088365957,0.12474489795918346
3211.234591244634,0.12474489795918346
3223.4153999912905,0.12474489795918346
3228.5680500283934,0.13852040816326516
3227.259223557895,0.13852040816326516
3252.5650705687576,0.13852040816326516
3288.54641588871,0.13852040816326516
3318.45853692327,0.13852040816326516
3323.030659957188,0.145408163265306
3331.9608351368565,0.1522959183673468
3357.4923730609726,0.1591836734693876
3373.1722448093615,0.1591836734693876
3376.814898520852,0.1591836734693876
3383.276905865787,0.1591836734693876
3392.5634755861183,0.1591836734693876
3395.350713751307,0.1591836734693876
3408.8188209308682,0.16607142857142843
3430.505012626645,0.16607142857142843
3451.2240337641742,0.16607142857142843
3475.566492610761,0.16607142857142843
3505.146151534055,0.1729591836734693
3522.4865653413444,0.17984693877551008
3528.2737203299125,0.18673469387755087
3542.9861360386017,0.1936224489795917
3555.0368656611927,0.2005102040816325
3554.065515988759,0.20739795918367332
3563.443384696139,0.2005102040816325
3575.2188859459625,0.2073979591836733
3570.99717920706,0.2142857142857141
3572.5567504559713,0.2142857142857141
3585.7176570224674,0.2142857142857141
3591.4530033428664,0.2142857142857141
3580.8283227464462,0.22806122448979577
3579.9503233221467,0.22806122448979577
3575.415327330684,0.22806122448979577
3535.335762139034,0.23494897959183658
3493.392974686096,0.2617346938775509
3456.3965526986412,0.25331632653061215
3413.4955460331166,0.2089285714285713
3377.1045039962964,0.1913265306122448
2020.835556952758,0.05357142857142856
537.5070926842624,0.05357142857142856
494.2625619954944,0.05357142857142856
1137.9477199468988,-0.2602040816326531
1855.555272210384,-0.5326530612244897
2162.720805099304,-0.4729591836734694
2374.7857756651524,-0.39566326530612256
2539.612862640557,-0.33290816326530615
2706.1851253810355,-0.2510204081632653
2853.8175578903047,-0.19591836734693863
2964.9692157272075,-0.15229591836734668
3020.5411042885044,-0.1163265306122447
3060.155481426036,-0.05969387755102029
3135.1768652791397,-0.008418367346938726
3204.7776174764936,0.021428571428571484
3239.015016699089,0.04285714285714293
3257.0611696478495,0.06658163265306136
3288.9785641937206,0.0926020408163267
3312.9255091419236,0.11096938775510226
3333.304965831116,0.1178571428571431
3347.725497422046,0.1316326530612247
3352.9674640829708,0.1530612244897962
3359.6015522041553,0.15994897959183701
3375.047467981264,0.17066326530612264
3392.8749111864954,0.1813775510204083
3397.1041155994353,0.1813775510204083
3383.3210657012532,0.18367346938775522
3358.4775917597726,0.18367346938775522
3351.794697683278,0.18290816326530615
3374.1206455307306,0.18290816326530615
3389.9743108525836,0.18290816326530615
3376.652206170702,0.18673469387755098
3358.841362056579,0.18673469387755098
3345.2066041645076,0.18673469387755098
3348.3892940252663,0.18673469387755098
3361.2783736028505,0.18673469387755098
3352.4974535975484,0.18673469387755098
3333.7675190185773,0.18673469387755098
3321.2599683766593,0.18673469387755098
3315.314829048428,0.18673469387755098
3313.380794000179,0.18673469387755098
3324.847181763622,0.18673469387755098
3339.834531038722,0.18673469387755098
3338.420974476421,0.18673469387755098
3328.765519451513,0.18673469387755098
3320.4296934792255,0.18673469387755098
3314.0662166818784,0.18673469387755098
3319.0663668596317,0.18673469387755098
3328.7244663000347,0.18673469387755098
3322.938272735353,0.18673469387755098
3303.7188145601685,0.18673469387755098
3270.0954221376714,0.18673469387755098
3237.5721127668894,0.17142857142857137
3224.8752704936137,0.15612244897959182
3218.985071896241,0.15612244897959182
3221.6617866986576,0.149234693877551
3227.047799144111,0.149234693877551
3213.6366631800684,0.15612244897959182
3202.743351229743,0.15612244897959182
3215.920174676319,0.14158163265306123
3228.8616755340463,0.14158163265306123
3238.012130544648,0.14158163265306123
3247.8172030880605,0.14158163265306123
3236.998347551409,0.1637755102040816
3221.299790188107,0.1637755102040816
3224.115111136995,0.14846938775510204
3229.765334401941,0.14846938775510204
3239.4215493143083,0.14158163265306123
3252.399879741129,0.14158163265306123
3241.82657322495,0.1637755102040816
3223.8113296631427,0.1637755102040816
3224.2923995780116,0.14846938775510204
3227.0447031701915,0.14846938775510204
3232.652947016176,0.14158163265306123
3242.921057083813,0.14158163265306123
3231.649755859331,0.15612244897959182
3213.323750474472,0.15612244897959182
3213.3306366202632,0.14158163265306123
3216.1987549226283,0.14158163265306123
3222.9806170413212,0.14158163265306123
3234.4487759210697,0.14158163265306123
3222.927306374171,0.14846938775510204
3202.966002964758,0.14846938775510204
3207.23024470409,0.14158163265306123
3213.661365182248,0.14158163265306123
3219.052301338864,0.14158163265306123
3212.891436806107,0.14158163265306123
3167.804658983958,0.14846938775510204
3156.476487432293,0.14081632653061224
3188.721689248784,0.12627551020408165
3200.9440391847043,0.11862244897959187
3209.0290100427983,0.11862244897959187
3217.651685441239,0.13392857142857145
3200.727786753014,0.14846938775510204
3180.0647451845157,0.14846938775510204
3184.1095167234153,0.13392857142857145
3187.005889232518,0.11862244897959187
3177.898422875138,0.11862244897959187
3176.283917053521,0.11862244897959187
3172.7765628406105,0.11862244897959187
3171.47010888156,0.12627551020408165
3176.0230888713504,0.12627551020408165
3184.980129132353,0.11862244897959187
3205.714902384194,0.11862244897959187
3219.388860568708,0.12627551020408165
3206.9627044512863,0.13775510204081626
3189.9980165232346,0.14540816326530603
3195.545230249353,0.13775510204081626
3201.96075181203,0.13775510204081626
3207.2574833722647,0.14540816326530603
3197.331120548027,0.14540816326530603
3147.8733955764073,0.14540816326530603
3128.987227040055,0.13775510204081626
3147.121463247537,0.12244897959183669
3157.3367916073894,0.1147959183673469
3176.3289595116407,0.1147959183673469
3192.0417363154775,0.1147959183673469
3180.990031214432,0.12244897959183669
3164.461783974284,0.13010204081632648
3167.385367075746,0.12244897959183669
3169.629554256415,0.1147959183673469
3174.462398718131,0.1147959183673469
3171.723625948188,0.1147959183673469
3131.8784652159543,0.12244897959183669
3122.2991105381734,0.13010204081632648
3148.1259679605255,0.12244897959183669
3153.032089771506,0.1147959183673469
3153.829964580872,0.1147959183673469
3167.4648192303925,0.1147959183673469
3175.3926702281415,0.12244897959183669
3170.660105605739,0.13010204081632648
3180.4434004530085,0.12244897959183669
3190.8017270997298,0.1147959183673469
3201.42000899324,0.12244897959183669
3213.772343162248,0.13010204081632648
3203.454086046762,0.13775510204081626
3191.6093387766523,0.14540816326530603
3202.685382184348,0.13775510204081626
3223.5418406963586,0.13010204081632648
3182.4396319061398,0.13775510204081626
3167.3329449745943,0.14540816326530603
3192.3159096985046,0.14540816326530603
3182.2135918439544,0.14540816326530603
3163.2509077656478,0.15306122448979587
3141.184701205041,0.16836734693877548
3093.345651576553,0.15306122448979584
3057.1862440425193,0.1147959183673469
3091.8323380108664,0.09183673469387754
3209.176945638287,0.07653061224489796
3319.190778241481,0.08418367346938775
3338.446772804929,0.10714285714285712
3314.0411971807416,0.16071428571428567
3290.1241027941423,0.18367346938775503
3283.6780477942975,0.1760204081632652
3266.0759547643847,0.183673469387755
3265.0232594820636,0.183673469387755
3264.129655905857,0.183673469387755
3241.1835688185197,0.183673469387755
3248.483233377721,0.1760204081632652
3275.0741238539795,0.16836734693877542
3289.6614821559724,0.16071428571428564
3310.2244193324286,0.16071428571428564
3323.806900788098,0.16071428571428564
3309.243924756047,0.16836734693877542
3312.731320232887,0.16836734693877542
3334.234933826172,0.16836734693877542
3338.4979759561484,0.1760204081632652
3339.776943879998,0.1760204081632652
3339.6377913716633,0.1760204081632652
3321.006676607853,0.1760204081632652
3297.520566034657,0.1760204081632652
3284.390173486744,0.16836734693877542
3269.9260324856887,0.16071428571428564
3273.1565458509936,0.15306122448979584
3282.006892556292,0.15306122448979584
3261.567215721491,0.15306122448979584
3254.7274492524575,0.15306122448979584
3265.3034491246267,0.15306122448979584
3260.2826776797865,0.15306122448979584
3269.0738529813943,0.15306122448979584
3277.5280008852956,0.15306122448979584
3255.678582959191,0.15306122448979584
3247.24993493255,0.15306122448979584
3257.0934410713835,0.15306122448979584
3254.83877242946,0.15306122448979584
3266.0424679480775,0.15306122448979584
3277.929085034115,0.15306122448979584
3256.8163634863004,0.15306122448979584
3250.6502528225874,0.15306122448979584
3264.1371660036,0.15306122448979584
3260.7745928177965,0.15306122448979584
3270.474523416766,0.15306122448979584
3283.7787464532144,0.15306122448979584
3260.5497727306006,0.15306122448979584
3249.975196905323,0.15306122448979584
3264.5559441606074,0.15306122448979584
3279.6563849013824,0.15306122448979584
3311.1163988679987,0.15306122448979584
3335.979311754527,0.15306122448979584
3331.5107963786177,0.16071428571428564
3325.231505804306,0.16071428571428564
3336.9138814155017,0.16071428571428564
3345.196420109024,0.16071428571428564
3347.8693801962427,0.16071428571428564
3354.1413820784855,0.16071428571428564
3350.3775026913654,0.16071428571428564
3342.728531814393,0.16071428571428564
3353.7175366500323,0.16071428571428564
3377.543747220897,0.16071428571428564
3388.346767655228,0.16836734693877542
3385.663663544443,0.1760204081632652
3372.9205052945463,0.1760204081632652
3359.0451192415458,0.1760204081632652
3362.990627245439,0.1760204081632652
3368.2891188945105,0.1760204081632652
3370.2614301384547,0.1760204081632652
3371.274356765025,0.1760204081632652
3358.54802173403,0.1760204081632652
3344.8148290655827,0.16836734693877542
3354.2154587181894,0.16071428571428564
3379.230933087564,0.16071428571428564
3389.6597732215005,0.16836734693877542
3382.8805521537843,0.1760204081632652
3364.1392946372544,0.1760204081632652
3349.9677213744203,0.16836734693877542
3355.1520786804076,0.16071428571428564
3354.376001554624,0.16071428571428564
3346.601928735121,0.16071428571428564
3344.086096511609,0.16071428571428564
3333.629769623261,0.16071428571428564
3323.2118351893714,0.16071428571428564
3333.9896153412365,0.16071428571428564
3341.077274347379,0.16071428571428564
3335.3649925525783,0.16071428571428564
3335.402352233983,0.16071428571428564
3328.083831510762,0.16071428571428564
3318.38125790426,0.16071428571428564
3328.1994102235903,0.16071428571428564
3334.2372265225317,0.16071428571428564
3326.743107342496,0.16071428571428564
3323.5114459430233,0.16071428571428564
3313.500236182622,0.16071428571428564
3302.839643405892,0.16071428571428564
3310.3249682232486,0.16071428571428564
3316.873281667781,0.16071428571428564
3315.703508528463,0.16071428571428564
3303.5791981068837,0.16071428571428564
3275.7838067413195,0.16071428571428564
3275.194202649011,0.16071428571428564
3301.4730332869885,0.15306122448979584
3312.7712317636824,0.15306122448979584
3310.763028000194,0.16071428571428564
3306.6780619648825,0.16071428571428564
3287.093239137804,0.16071428571428564
3270.7154719660507,0.16071428571428564
3282.2834987893493,0.15306122448979584
3290.090028384643,0.15306122448979584
3293.030333297479,0.16071428571428564
3300.1702673159944,0.16071428571428564
3287.7307020120597,0.15306122448979584
3270.623903678036,0.15306122448979584
3278.443851790313,0.14540816326530603
3289.365552682713,0.14540816326530603
3288.3630151413176,0.16071428571428564
3270.11695870517,0.16071428571428564
3241.5306141684705,0.15306122448979584
3229.315856809341,0.15306122448979584
3243.2379572347986,0.13775510204081626
3256.481323609193,0.12244897959183669
3252.343484395101,0.13010204081632648
3235.6052691753644,0.14540816326530603
3204.4696613806636,0.15306122448979584
3170.0691526365035,0.13775510204081626
3165.3283725974607,0.1147959183673469
3175.4153744458663,0.1147959183673469
3183.7812444117726,0.1147959183673469
3184.1624917748927,0.1147959183673469
3167.4855410171112,0.1147959183673469
3152.3636066378517,0.1147959183673469
3159.960017858163,0.1147959183673469
3172.70352709176,0.1147959183673469
3179.0136877424525,0.1147959183673469
3182.4146609723057,0.1147959183673469
3170.842324697238,0.14540816326530606
3148.394673532047,0.14540816326530606
3139.181324375751,0.14540816326530606
3140.802716033717,0.13775510204081626
3154.6556542427415,0.13010204081632648
3174.349390355671,0.13010204081632648
3167.2920658926632,0.13775510204081626
3154.093998768629,0.13775510204081626
3165.3112586239267,0.13775510204081626
3183.1921393800694,0.14540816326530606
3128.5056844187147,0.15306122448979584
3110.2792405816435,0.14540816326530606
3159.7385404121633,0.13775510204081626
3161.2530671141058,0.13775510204081626
3149.519496708961,0.1607142857142857
3127.536513229279,0.19132653061224483
3064.2016921776285,0.16071428571428564
3028.5302565174807,0.1147959183673469
3063.2158891882386,0.08418367346938775
3181.7141096224677,0.06887755102040818
3292.4681389882726,0.08418367346938775
3305.8468279473545,0.1147959183673469
3264.7667863376737,0.16836734693877548
3225.9697476976517,0.1913265306122448
3220.9563123867547,0.18367346938775497
3221.8035127926346,0.18367346938775497
3233.8597527215647,0.18367346938775497
3236.7416499196825,0.18367346938775497
3192.549598574617,0.1913265306122448
3186.886637608539,0.1913265306122448
3237.1951670553776,0.1760204081632652
3263.0599235416494,0.16071428571428564
3275.4566382229896,0.16836734693877542
3282.1599446664645,0.18367346938775497
3252.710949246696,0.1913265306122448
3240.167941151567,0.1913265306122448
3271.330842390162,0.18367346938775497
3288.0747973851585,0.1760204081632652
3297.958949278607,0.1760204081632652
3305.02852383709,0.18367346938775497
3300.04903881051,0.18367346938775497
3298.6828032856915,0.18367346938775497
3307.176204958936,0.18367346938775497
3317.493472070537,0.18367346938775497
3323.173601737012,0.18367346938775497
3319.144877051418,0.18367346938775497
3308.0828352396,0.18367346938775497
3304.746049551374,0.18367346938775497
3322.179563713399,0.18367346938775497
3337.7999673233276,0.18367346938775497
3343.8070204838177,0.18367346938775497
3346.886092102431,0.18367346938775497
3334.7597622327103,0.1913265306122448
3325.746955366799,0.1913265306122448
3333.112819560661,0.18367346938775497
3339.6305678284853,0.18367346938775497
3343.53680074317,0.18367346938775497
3342.542708979312,0.18367346938775497
3323.911349216861,0.1913265306122448
3308.995334389392,0.1913265306122448
3312.001030775784,0.18367346938775497
3309.836892449368,0.18367346938775497
3308.563099630548,0.18367346938775497
3307.904911509751,0.18367346938775497
3294.7652933164563,0.18367346938775497
3284.383719041546,0.1760204081632652
3288.2597960149196,0.16836734693877542
3293.0725156953504,0.16071428571428564
3298.111713360444,0.16071428571428564
3299.7431408691523,0.16071428571428564
3288.8737784383093,0.16836734693877542
3279.348598224713,0.1760204081632652
3280.418841206105,0.16836734693877542
3281.140635623248,0.16071428571428564
3286.5154935656956,0.16071428571428564
3287.2714096585487,0.16071428571428564
3270.895535879663,0.16836734693877542
3263.0060811931507,0.1760204081632652
3268.8325216148696,0.1637755102040816
3270.5639484456055,0.15612244897959182
3274.8551496373675,0.1568877551020408
3279.7927700588107,0.1568877551020408
3268.5111995341877,0.1714285714285714
3257.4170549425717,0.1714285714285714
3261.273977221472,0.15612244897959182
3266.514048542249,0.15612244897959182
3270.3019944969706,0.15612244897959182
3272.931338060889,0.15612244897959182
3256.2655104833757,0.15612244897959182
3244.002271339574,0.15612244897959182
3253.6822913243677,0.149234693877551
3254.730796656686,0.149234693877551
3253.958666668749,0.149234693877551
3260.217656389992,0.149234693877551
3250.4539191471295,0.15612244897959182
3243.089960744399,0.15612244897959182
3252.633270662116,0.149234693877551
3252.7892393442744,0.149234693877551
3251.9139582788976,0.149234693877551
3258.0912662469655,0.149234693877551
3245.731677162091,0.1637755102040816
3233.4412344692273,0.1637755102040816
3241.0421610957537,0.14158163265306123
3246.16927163513,0.14158163265306123
3250.2837839175872,0.149234693877551
3249.2960235466035,0.149234693877551
3233.835960809627,0.15612244897959182
3225.86276292699,0.15612244897959182
3233.5487112974333,0.14158163265306123
3237.93376596101,0.14158163265306123
3240.720749223993,0.14158163265306123
3238.5020493070506,0.14158163265306123
3219.3885545940875,0.15612244897959182
3213.8152590672685,0.15612244897959182
3226.6491563629597,0.14158163265306123
3235.6251271573306,0.14158163265306123
3240.8662106140723,0.14158163265306123
3237.2039156658966,0.14158163265306123
3221.353936378372,0.15612244897959182
3211.5770272834334,0.15612244897959182
3218.1470067165583,0.14158163265306123
3228.9820059242466,0.14158163265306123
3235.1073073069247,0.14158163265306123
3229.6617125476496,0.14158163265306123
3212.341172711719,0.14846938775510204
3202.004150583387,0.14846938775510204
3210.597797541741,0.14540816326530606
3225.0302877137474,0.14540816326530606
3232.6879820313884,0.13775510204081626
3229.1873279766214,0.13775510204081626
3215.6009099557596,0.14540816326530606
3209.206353534304,0.14540816326530606
3216.134492555406,0.14540816326530606
3214.5802872358786,0.14540816326530606
3217.1079822297925,0.13775510204081626
3222.5651375048474,0.13775510204081626
3202.8418447940303,0.14540816326530606
3190.2984381347255,0.14540816326530606
3197.8257878728045,0.13775510204081626
3203.978013389033,0.13775510204081626
3210.6466717400376,0.13010204081632648
3206.7466634753355,0.13010204081632648
3185.2286042822125,0.14540816326530606
3175.25257280375,0.13775510204081626
3182.6714147681923,0.13010204081632648
3185.2001812732087,0.12244897959183669
3190.292822075655,0.1147959183673469
3196.730986204406,0.13010204081632648
3182.782589502773,0.14540816326530606
3167.676959758007,0.13010204081632648
3172.6213914589625,0.1147959183673469
3181.4743540774753,0.1147959183673469
3192.5962119044752,0.1147959183673469
3198.861371222477,0.1147959183673469
3186.977115577306,0.12244897959183669
3182.4777825936344,0.12244897959183669
3194.7306720092665,0.12244897959183669
3196.7680117751743,0.13010204081632648
3200.191118097313,0.12244897959183669
3214.8776207369524,0.12244897959183669
3213.739267842193,0.13775510204081626
3205.753985306389,0.13775510204081626
3211.829329943707,0.13010204081632648
3223.060456154401,0.13775510204081626
3195.538307216328,0.13775510204081626
3187.457884921134,0.12244897959183669
3209.6340550090117,0.13010204081632648
3205.355655620992,0.13775510204081626
3187.8016795183275,0.1530612244897959
3156.7146602339853,0.16836734693877548
3093.6254693084447,0.14540816326530603
3070.794789222834,0.1147959183673469
3143.7476995371057,0.07653061224489796
3272.6633675478624,0.06887755102040818
3358.708957448057,0.09183673469387754
3366.6897087725483,0.1147959183673469
3339.462351195033,0.16836734693877548
3311.032285981427,0.18367346938775503
3310.2166827920855,0.1760204081632652
3315.458707010115,0.18367346938775497
3318.745512979872,0.18367346938775497
3320.2217885296186,0.18367346938775497
3308.7554694069177,0.18367346938775497
3309.4719934511722,0.18367346938775497
3324.210416236532,0.18367346938775497
3332.6843342725642,0.1760204081632652
3345.585150128154,0.16836734693877542
3363.0281699524703,0.16836734693877542
3359.8799677630077,0.1760204081632652
3352.5301581619474,0.18367346938775497
3354.9204830888802,0.18367346938775497
3358.5737527643073,0.1760204081632652
3369.901271454608,0.1760204081632652
3374.095503069203,0.1760204081632652
3354.998937615701,0.1760204081632652
3343.475061049752,0.1760204081632652
3358.568814966441,0.1760204081632652
3370.5736724154194,0.1760204081632652
3376.049144007885,0.1760204081632652
3376.1769595731294,0.1760204081632652
3357.140459747726,0.1760204081632652
3347.1198680081934,0.18367346938775497
3362.56841779727,0.18367346938775497
3371.772101041414,0.1760204081632652
3372.6837370203293,0.1760204081632652
3375.3255962987355,0.1760204081632652
3366.4728603208555,0.1760204081632652
3359.6122619033517,0.1760204081632652
3368.8652685824118,0.1760204081632652
3375.5788624669335,0.1760204081632652
3379.078176307118,0.1760204081632652
3377.9145925566086,0.1760204081632652
3363.956619883782,0.1760204081632652
3360.5940451714523,0.16836734693877542
3373.271126307224,0.16836734693877542
3378.4095476448942,0.1760204081632652
3376.53181654856,0.1760204081632652
3377.7292029362525,0.1760204081632652
3373.220986818083,0.16836734693877542
3369.2396555501855,0.16071428571428564
3375.731543956749,0.16836734693877542
3380.1882314119275,0.1760204081632652
3390.1858287010564,0.1760204081632652
3394.902020013701,0.1760204081632652
3376.557822101584,0.1760204081632652
3364.3344854526877,0.16836734693877542
3377.8862346220676,0.16071428571428564
3397.0089338204243,0.16071428571428564
3429.604707421141,0.16071428571428564
3460.5965242045277,0.16836734693877542
3444.495625063378,0.1760204081632652
3418.761389610594,0.18367346938775497
3408.231659003548,0.18367346938775497
3404.721949660582,0.18367346938775497
3414.8852906606944,0.18367346938775497
3429.8855528252234,0.1760204081632652
3427.487036288372,0.1760204081632652
3408.3463679955767,0.18367346938775497
3406.617485591213,0.18367346938775497
3433.1483928422867,0.1760204081632652
3463.9378045587105,0.1760204081632652
3472.994241444929,0.1760204081632652
3447.390915358127,0.1760204081632652
3411.4618641043926,0.18367346938775497
3399.389161564795,0.18367346938775497
3397.4252069033896,0.18367346938775497
3402.3739710003,0.18367346938775497
3416.036194705057,0.1760204081632652
3408.1661813814603,0.1760204081632652
3386.6148705775877,0.1760204081632652
3377.144951771651,0.1760204081632652
3377.0319038183334,0.1760204081632652
3393.4827965015447,0.1760204081632652
3408.6981388377335,0.1760204081632652
3392.2831026660438,0.1760204081632652
3364.63631382744,0.1760204081632652
3352.9770187082217,0.1760204081632652
3354.6756883232993,0.16836734693877542
3364.491194248653,0.16071428571428564
3365.7973201562063,0.16071428571428564
3341.8252453488158,0.16071428571428564
3327.17524410232,0.16071428571428564
3339.5687862117784,0.16071428571428564
3350.8607373182294,0.16071428571428564
3359.009730184387,0.16071428571428564
3357.3503036543725,0.16071428571428564
3334.1548515539766,0.16071428571428564
3321.9868500723255,0.16071428571428564
3331.735410326393,0.16071428571428564
3343.2021466655206,0.16071428571428564
3354.842857755736,0.16071428571428564
3351.760662833266,0.16071428571428564
3321.9125614432014,0.16071428571428564
3305.788011901045,0.16071428571428564
3316.1095379730905,0.16071428571428564
3323.847101168869,0.16071428571428564
3321.146329384696,0.18673469387755098
3305.1446412451096,0.18673469387755098
3294.2950098393994,0.18673469387755098
3338.383456350826,0.18673469387755098
3377.229770963374,0.18673469387755098
3367.502142960332,0.18673469387755098
3372.694044489294,0.183673469387755
3382.198991701981,0.183673469387755
3365.789627724932,0.19132653061224483
3342.420837034034,0.19132653061224483
3339.9487595585633,0.183673469387755
3353.1525771352717,0.183673469387755
3382.4065246668924,0.183673469387755
3442.5940723330305,0.183673469387755
3507.425234493209,0.1989795918367346
3549.461059004989,0.2066326530612244
3562.463785335949,0.2066326530612244
3555.703957731256,0.2142857142857142
3573.9270194507344,0.2142857142857142
3616.389553794508,0.2142857142857142
3631.823926716254,0.22193877551020402
3629.4101828871044,0.23724489795918358
3639.536002443228,0.2448979591836734
3661.3395237004333,0.2448979591836734
3704.9779618683765,0.2448979591836734
3732.9902595957296,0.26020408163265296
3714.1891594656845,0.28316326530612235
3704.715242796091,0.28316326530612235
3733.660129326425,0.2755102040816325
3766.519149350799,0.2755102040816325
3792.6570357962573,0.2755102040816325
3805.5039319968882,0.2984693877551019
3779.0159352739397,0.3214285714285713
3751.4150002826364,0.3214285714285713
3760.634887324036,0.3061224489795917
3775.314104279665,0.3061224489795917
3794.288903564012,0.3137755102040815
3815.7418386083637,0.3137755102040815
3815.6271891148526,0.3290816326530611
3811.799218898278,0.3290816326530611
3817.8502008841615,0.3137755102040815
3827.8171805156453,0.3137755102040815
3804.104911620729,0.3290816326530611
3767.9897644063553,0.3290816326530611
3733.208009907037,0.3214285714285713
3692.772996631911,0.3137755102040815
3659.0586970983586,0.3443877551020407
3614.9449730553556,0.35204081632653056
3565.194468965326,0.3061224489795918
3541.772126687709,0.2755102040816326
2497.3286510890102,0.12572790365807013
928.6983879155732,0.02623810773970283
400.0,0.02623810773970283
993.6915668040157,-0.2663265306122448
1835.4175828616617,-0.5357142857142856
2246.31964498088,-0.491326530612245
2493.4246953651577,-0.3788265306122449
2682.337190663141,-0.3344387755102039
2853.785477857532,-0.2448979591836735
2968.9891872968383,-0.19668367346938773
3051.575285490646,-0.14540816326530603
3122.169159170665,-0.0757653061224488
3186.6416774994213,-0.025255102040816095
3244.11085740009,0.008418367346938724
3291.7771001794504,0.03979591836734695
3287.8583280922758,0.07346938775510221
3276.2769346526575,0.09489795918367365
3307.432891568064,0.09795918367346958
3347.5536317947617,0.11096938775510229
3373.470601097142,0.12627551020408195
3386.5318418531115,0.14693877551020434
3378.7602107911653,0.1668367346938779
3383.893323494105,0.16454081632653086
3438.706034162559,0.16454081632653086
3481.254349873716,0.17908163265306126
3494.2007295044796,0.186734693877551
3489.9650723844006,0.19897959183673475
3469.9892660451624,0.19897959183673475
3445.6028263679937,0.19897959183673475
3447.1174134099438,0.19897959183673475
3456.8352535559534,0.19897959183673475
3461.7504309018673,0.19897959183673475
3463.6723632343164,0.19897959183673475
3450.971073013009,0.20663265306122447
3431.4224937001454,0.20663265306122447
3426.5989628228945,0.19897959183673475
3435.193184653419,0.18367346938775508
3438.334959083406,0.1913265306122448
3449.980007907776,0.20663265306122447
3451.345694385649,0.20663265306122447
3431.85674088797,0.20663265306122447
3430.3358027027075,0.20663265306122447
3456.79249021578,0.20663265306122447
3472.3365620318773,0.20663265306122447
3461.126540553877,0.20663265306122447
3447.2594246385097,0.20663265306122447
3435.263283226354,0.20663265306122447
3436.0136861114015,0.20663265306122447
3444.3484376640154,0.19897959183673464
3444.536141349012,0.19897959183673464
3439.361474175651,0.20663265306122447
3427.754386701411,0.20663265306122447
3399.012479795696,0.20663265306122447
3374.8374533015003,0.20663265306122447
3369.5302198429113,0.1913265306122448
3365.831685503807,0.18367346938775508
3368.025669644926,0.18367346938775508
3368.6149908052603,0.18367346938775508
3355.051599810873,0.19132653061224492
3333.368363238621,0.19132653061224492
3333.9635563563043,0.18367346938775508
3342.1066037004425,0.18367346938775508
3347.156496875009,0.18367346938775508
3350.820155241052,0.18367346938775508
3347.8872449252294,0.19132653061224492
3342.371079515139,0.19132653061224492
3341.522327605845,0.18367346938775508
3341.475576667248,0.18367346938775508
3344.4364714843214,0.18367346938775508
3353.330740125574,0.18367346938775508
3347.7313951338924,0.18367346938775508
3331.725407848554,0.18367346938775508
3330.6057270645833,0.18367346938775508
3336.1504704759755,0.18367346938775508
3342.1647478333275,0.18367346938775508
3353.056230257817,0.18367346938775508
3353.016491879369,0.18367346938775508
3344.166296628079,0.18367346938775508
3340.9914474606303,0.18367346938775508
3335.9473017489145,0.18367346938775508
3331.4212927728604,0.18367346938775508
3338.957035643386,0.18367346938775508
3350.4035236957034,0.18367346938775508
3376.0103895382363,0.18367346938775508
3391.0776883102967,0.17602040816326534
3386.002888971008,0.17602040816326534
3378.350038713024,0.18367346938775508
3365.6650938340363,0.18367346938775508
3354.515118433882,0.18367346938775508
3362.3492682748465,0.18367346938775508
3378.0932009123626,0.17602040816326534
3384.432102372235,0.17602040816326534
3386.492305101111,0.18367346938775508
3393.590969331207,0.18367346938775508
3390.0350126942167,0.18367346938775508
3383.7521908327326,0.18367346938775508
3390.7519744221718,0.18367346938775508
3392.1691842939263,0.18367346938775508
3384.485753083991,0.18367346938775508
3363.2845947653454,0.18367346938775508
3342.278551673966,0.18367346938775508
3333.0255201262325,0.18367346938775508
3333.958617302719,0.18367346938775508
3328.7542980896274,0.18367346938775508
3327.64061185175,0.17602040816326534
3337.6447532906222,0.17602040816326534
3339.749436499047,0.18367346938775508
3348.4529870368806,0.18367346938775508
3356.4529695463693,0.17602040816326534
3355.27970617915,0.17602040816326534
3348.187971930496,0.17602040816326534
3333.150858559083,0.17602040816326534
3311.613209389946,0.18367346938775508
3287.6063015801765,0.18367346938775508
3280.125656324194,0.1683673469387755
3277.616471241369,0.16071428571428575
3274.205949715336,0.16071428571428575
3264.469464157155,0.15306122448979592
3247.3139014294065,0.15306122448979592
3246.0042371100144,0.15306122448979592
3245.675975908941,0.15306122448979592
3243.214462692863,0.15306122448979592
3247.52228199385,0.15306122448979592
3235.3870599250495,0.15306122448979592
3213.9675094046597,0.15306122448979592
3212.4704846897375,0.1454081632653061
3222.5404665583383,0.13775510204081637
3221.3818711737663,0.13775510204081637
3223.028396403487,0.13775510204081637
3221.031023753497,0.1454081632653062
3206.5003543574594,0.15306122448979592
3206.285133588707,0.1454081632653061
3214.472465842414,0.13775510204081637
3221.6732398448826,0.13775510204081637
3231.037491722421,0.13775510204081637
3225.1518200627784,0.1454081632653062
3210.3477171258355,0.15306122448979592
3205.109380401309,0.1454081632653061
3209.812654581584,0.13775510204081637
3201.283037028674,0.13775510204081637
3191.302126280555,0.1454081632653061
3211.6856086959287,0.1454081632653061
3218.93720647707,0.1454081632653061
3211.716217351939,0.1454081632653061
3189.7884146753727,0.17602040816326534
3127.7063497169847,0.17602040816326525
3088.7376180918145,0.13010204081632654
3100.5003487552985,0.12244897959183679
3191.676395030402,0.08418367346938797
3314.3447948484804,0.07653061224489814
3362.455859247778,0.09948979591836737
3360.5133331883762,0.1301020408163267
3329.5214059151185,0.18367346938775517
3299.895386243759,0.19132653061224492
3284.3343953330404,0.18367346938775508
3294.6928887732533,0.18367346938775508
3303.600934016495,0.17602040816326534
3300.5906992129862,0.17602040816326534
3303.034308624641,0.17602040816326534
3312.222770629751,0.16836734693877559
3325.998072614222,0.16836734693877559
3337.4991974225145,0.17602040816326534
3359.763228731569,0.1683673469387755
3377.139403827133,0.1683673469387755
3384.426352135822,0.18367346938775508
3386.4688426889993,0.18367346938775508
3387.4183297357085,0.18367346938775508
3392.2677629936125,0.18367346938775508
3398.540228557009,0.18367346938775508
3396.3869248600586,0.18367346938775508
3397.1915219683424,0.18367346938775508
3409.722543067878,0.18367346938775508
3408.965461268979,0.18367346938775508
3405.798812271608,0.18367346938775508
3411.279080210367,0.18367346938775508
3410.027286024786,0.18367346938775508
3406.741599304691,0.18367346938775508
3413.1982887472955,0.18367346938775508
3422.1065225674,0.18367346938775508
3430.682052365979,0.18367346938775508
3436.148693703629,0.18367346938775508
3434.9398151813893,0.18367346938775508
3438.8153773629456,0.18367346938775508
3442.4937067174315,0.18367346938775508
3437.5090002807447,0.18367346938775508
3436.92442924639,0.18367346938775508
3442.1373195045207,0.18367346938775508
3438.2682129853542,0.18367346938775508
3433.512480937025,0.18367346938775508
3435.706589709962,0.18367346938775508
3435.3237326893973,0.18367346938775508
3429.3365367135607,0.18367346938775508
3419.5651233063973,0.18367346938775508
3408.6604350827665,0.18367346938775508
3400.7584278466866,0.18367346938775508
3406.1917426212385,0.18367346938775508
3409.2826569128756,0.18367346938775508
3400.990303116996,0.18367346938775508
3401.076531119169,0.17602040816326534
3393.2391053469555,0.17602040816326534
3380.571969050245,0.17602040816326534
3376.7032471945977,0.17602040816326534
3373.313563576329,0.17602040816326534
3379.136257566207,0.17602040816326534
3402.250512318489,0.1683673469387755
3405.597352888297,0.1683673469387755
3384.328662953828,0.17602040816326534
3369.473988566335,0.16836734693877559
3362.2094813874246,0.16836734693877559
3369.2456457255366,0.16836734693877559
3393.178477637143,0.16071428571428575
3397.157932353177,0.1683673469387755
3374.6885311720043,0.17602040816326534
3356.5707445214503,0.16836734693877559
3345.3328487900994,0.16836734693877559
3339.799022106624,0.16836734693877559
3334.0458061642557,0.16071428571428575
3325.5857335225733,0.16071428571428575
3316.1009770545093,0.16071428571428575
3315.117841187701,0.16071428571428575
3321.568109320856,0.16071428571428575
3324.0435496030004,0.16071428571428575
3319.5574246937604,0.16071428571428575
3307.9397366043822,0.16071428571428575
3297.1392597371914,0.16071428571428575
3300.7330149163517,0.16071428571428575
3306.9297030455446,0.16071428571428575
3304.2543443387185,0.18367346938775508
3298.7027053305824,0.18367346938775508
3292.9458224585073,0.19132653061224492
3279.4869063657707,0.19132653061224492
3269.5068281021613,0.18367346938775508
3265.9703108415424,0.18367346938775508
3265.0742493782604,0.18367346938775508
3266.7559809736213,0.17602040816326525
3251.1854147222202,0.18367346938775508
3239.8978854839906,0.18367346938775517
3245.5289184929234,0.17602040816326534
3248.121101433661,0.16836734693877559
3252.9679876901,0.16071428571428575
3257.9365019857787,0.15306122448979592
3252.4342451054513,0.16071428571428575
3240.624206584892,0.16836734693877559
3237.1065429326745,0.16071428571428575
3241.0378158160083,0.15306122448979592
3245.759426235438,0.15306122448979592
3250.1751627093345,0.15306122448979592
3229.6826501370124,0.16836734693877559
3206.5690469893107,0.18367346938775517
3216.9843948682546,0.16071428571428567
3233.4681788309736,0.1454081632653061
3242.821120741784,0.15306122448979592
3248.481998498248,0.15306122448979592
3217.0326767741335,0.15306122448979592
3199.6450401401507,0.16071428571428575
3234.0052680246217,0.15306122448979592
3253.2847745130107,0.1454081632653061
3238.594317096163,0.15306122448979592
3232.220354850968,0.15306122448979592
3241.948590365438,0.1454081632653061
3244.1575791048817,0.15306122448979592
3254.8843230682796,0.15306122448979592
3271.589697955995,0.1454081632653061
3277.991711783797,0.16071428571428575
3276.220743074875,0.18367346938775508
3267.63490644569,0.18367346938775508
3246.56765250204,0.16836734693877559
3237.370891234017,0.16071428571428575
3246.8917452492906,0.15306122448979592
3252.0396646559066,0.16071428571428575
3244.649881064067,0.16071428571428575
3215.7231445142315,0.16836734693877559
3192.9616865129237,0.17602040816326542
3199.465159744169,0.15306122448979592
3214.2595504763967,0.1454081632653061
3221.786898241919,0.15306122448979592
3210.9625236054317,0.15306122448979592
3161.3461683517585,0.15306122448979592
3123.660558620417,0.16071428571428575
3123.273271337473,0.1454081632653061
3134.1136237604446,0.13775510204081626
3139.563106392289,0.13010204081632643
3148.4379342004922,0.12244897959183669
3130.4351655780183,0.13010204081632654
3108.7917402856747,0.13010204081632654
3125.8489193414944,0.13010204081632654
3150.0673197288675,0.12244897959183677
3162.739799266399,0.12244897959183677
3169.8048177608816,0.13775510204081626
3156.805149828988,0.13775510204081626
3147.2463240524394,0.13010204081632654
3181.8485994524262,0.12244897959183669
3212.2769540329336,0.11479591836734694
3193.8472585190448,0.12244897959183677
3165.0848153756356,0.13775510204081626
3166.112342858087,0.1454081632653061
3166.6753023800266,0.1454081632653061
3151.538048081554,0.1454081632653061
3137.6346918536383,0.16836734693877542
3081.9822763096768,0.16836734693877542
3017.565858971654,0.13775510204081637
3032.7317285784156,0.10714285714285712
3136.82324147047,0.06887755102040831
3262.428408758208,0.07653061224489806
3313.158428806042,0.09948979591836737
3301.177405513721,0.14540816326530637
3261.6968550221177,0.19132653061224492
3240.7056538177044,0.18367346938775508
3234.456391242712,0.18367346938775508
3243.212731067527,0.18367346938775508
3241.564284061731,0.17602040816326525
3196.045456105443,0.18367346938775508
3184.4710905853053,0.17602040816326542
3226.3996324545196,0.16071428571428575
3259.7174578504946,0.15306122448979592
3278.1610711751036,0.16071428571428575
3286.30738889246,0.16071428571428575
3253.1557256587503,0.16071428571428575
3237.9632830668297,0.17602040816326534
3274.5502520920054,0.17602040816326534
3304.1607871868546,0.16071428571428575
3318.3150537176452,0.16071428571428575
3318.867934022259,0.1683673469387755
3278.964116415804,0.17602040816326534
3253.413051652151,0.18367346938775517
3280.060973441146,0.17602040816326534
3308.1802789041744,0.16071428571428575
3324.7775017410495,0.16071428571428575
3328.7207636980547,0.18367346938775508
3289.803848797245,0.18367346938775508
3262.6854187606195,0.17602040816326534
3291.491856361792,0.17602040816326534
3320.320673497429,0.16071428571428575
3334.9653269957716,0.16071428571428575
3336.598256879284,0.18367346938775508
3294.0860210875853,0.19132653061224492
3258.0806854572074,0.18367346938775517
3283.354056797899,0.17602040816326534
3314.629621204853,0.16071428571428575
3333.7065371671633,0.16071428571428575
3343.4127892620263,0.17602040816326525
3304.581124236079,0.18367346938775508
3272.5358112564936,0.19132653061224492
3298.068339962298,0.18367346938775508
3329.5133452574814,0.16071428571428575
3356.1238188531215,0.16071428571428575
3359.9934080169805,0.18367346938775508
3321.6035941181717,0.18367346938775508
3304.8106941413216,0.18367346938775508
3345.984705330773,0.18367346938775508
3376.9033791605802,0.1683673469387755
3384.7816869653175,0.1683673469387755
3382.5810180856943,0.18367346938775508
3362.799752731715,0.19132653061224492
3342.2390390396586,0.19132653061224492
3340.2386617930406,0.18367346938775508
3339.964840939881,0.18367346938775508
3333.9701708725433,0.18367346938775508
3335.0494089745907,0.18367346938775508
3316.1296249916336,0.18367346938775508
3316.724329499501,0.18367346938775508
3363.0056509319347,0.18367346938775508
3388.052586979097,0.17602040816326534
3393.778112166011,0.17602040816326534
3392.7572820255473,0.18367346938775508
3380.532515917853,0.18367346938775508
3369.880575771077,0.18367346938775508
3378.806409320662,0.18367346938775508
3391.254657648029,0.18367346938775508
3394.7227950435145,0.18367346938775508
3391.68449564248,0.18367346938775508
3371.1370473457,0.19132653061224492
3361.3063220037166,0.19132653061224492
3378.249662100069,0.18367346938775508
3386.5382387795735,0.18367346938775508
3382.505330632761,0.18367346938775508
3382.6837237765394,0.18367346938775508
3385.912533065689,0.18367346938775508
3378.7878575900663,0.18367346938775508
3371.6945336604904,0.18367346938775508
3374.7986627255495,0.18367346938775508
3375.24285071919,0.18367346938775508
3368.695420396749,0.18367346938775508
3359.7413201754416,0.18367346938775508
3348.5104225228724,0.18367346938775508
3353.057099765303,0.18367346938775508
3364.458002763996,0.18367346938775508
3353.5223841703137,0.18367346938775508
3340.3580301289985,0.18367346938775508
3332.321472656493,0.18367346938775508
3327.7534538668824,0.18367346938775508
3338.8621644373293,0.18367346938775508
3352.5450337560424,0.1683673469387755
3356.98534339456,0.1683673469387755
3352.322648639378,0.17602040816326534
3338.5350413429874,0.17602040816326534
3332.076207609941,0.18367346938775508
3344.2104144003106,0.18367346938775508
3359.1718521598436,0.1683673469387755
3362.227724562097,0.1683673469387755
3355.858051484141,0.17602040816326534
3345.151872481518,0.17602040816326534
3341.3258181051956,0.17602040816326534
3356.1561128021876,0.17602040816326534
3368.7024093371356,0.17602040816326534
3367.2094973535445,0.17602040816326534
3358.1828686400286,0.18367346938775508
3333.039139996701,0.18367346938775508
3312.8407809656846,0.18367346938775508
3304.9612085032304,0.18367346938775508
3304.7497396572244,0.16071428571428575
3307.780462382473,0.16071428571428575
3309.7464949473897,0.16071428571428575
3300.2047297680183,0.16071428571428575
3280.419820416105,0.16836734693877559
3275.0504282799902,0.16071428571428575
3283.4063698474515,0.15306122448979592
3291.6667299218825,0.15306122448979592
3289.1457622076073,0.15306122448979592
3271.3865779332864,0.15306122448979592
3256.5592579597715,0.15306122448979592
3265.0532269811033,0.15306122448979592
3282.036151719032,0.15306122448979592
3301.577363509965,0.15306122448979592
3308.5263912089563,0.15306122448979592
3294.752153191325,0.16071428571428575
3277.014904751328,0.16071428571428575
3256.6954261970386,0.15306122448979592
3238.756093121245,0.15306122448979592
3236.8621378917014,0.15306122448979592
3236.5507238279833,0.15306122448979592
3223.609311403377,0.15306122448979592
3206.9425662032027,0.15306122448979592
3203.1847860882126,0.1454081632653061
3209.1271503161406,0.1301020408163266
3216.4838941755934,0.12244897959183677
3219.6488041807165,0.13010204081632654
3212.4207797191184,0.13775510204081637
3203.545016879956,0.13775510204081637
3204.427245746283,0.13010204081632654
3211.5139127685097,0.12244897959183677
3219.773459161157,0.12244897959183677
3222.8639134230534,0.12244897959183677
3210.832142012884,0.1301020408163266
3202.365829406279,0.13775510204081637
3209.435528304879,0.13010204081632654
3221.387925738776,0.12244897959183677
3192.662625909953,0.1301020408163266
3178.9198931090596,0.1301020408163266
3203.3360009912,0.12244897959183677
3205.606338665936,0.12244897959183677
3197.237539955644,0.1301020408163266
3172.310027386674,0.16071428571428567
3110.6797727919766,0.145408163265306
3077.8845355419553,0.11479591836734694
3111.174131775446,0.1071428571428572
3217.610441574714,0.08418367346938797
3327.8005167949295,0.08418367346938789
3360.3472139027067,0.09948979591836737
3344.9114016266003,0.14540816326530637
3308.1861927044797,0.18367346938775517
3291.416657961358,0.17602040816326534
3286.864098090625,0.17602040816326534
3296.1069190787175,0.17602040816326534
3301.337366206871,0.17602040816326534
3288.9894361762704,0.17602040816326534
3285.8298179145877,0.16071428571428575
3302.5816262205362,0.16071428571428575
3322.64465846043,0.16071428571428575
3329.28285949594,0.16071428571428575
3345.163229261012,0.16071428571428575
3355.6829138185394,0.16071428571428575
3353.842978314745,0.17602040816326534
3353.235869192681,0.17602040816326534
3352.5594957729,0.17602040816326534
3358.849698436289,0.17602040816326534
3360.6892611883995,0.16836734693877559
3355.335527513319,0.16836734693877559
3349.3142488007147,0.16836734693877559
3352.8313898009064,0.16836734693877559
3366.8795147766996,0.16071428571428575
3379.958088432625,0.16071428571428575
3390.6076679635125,0.16836734693877559
3390.657506901425,0.16836734693877559
3388.8644710310386,0.17602040816326534
3404.067984363405,0.17602040816326534
3430.2908099472343,0.17602040816326534
3446.9580484910684,0.17602040816326534
3442.040033088537,0.18367346938775508
3422.6481185977796,0.18367346938775508
3415.4444822752994,0.17602040816326534
3424.727405767104,0.17602040816326534
3426.1706509656824,0.18367346938775508
3422.7348547573174,0.18367346938775508
3419.5204586486007,0.18367346938775508
3403.32267607585,0.18367346938775508
3386.774906442233,0.17602040816326534
3390.9224826714953,0.17602040816326534
3396.9625828787894,0.17602040816326534
3392.813598149445,0.17602040816326534
3390.6919445738263,0.17602040816326534
3378.9836010203326,0.17602040816326534
3362.637413290625,0.17602040816326534
3360.270003908759,0.17602040816326534
3363.9633839244243,0.16836734693877559
3366.1013695492206,0.19897959183673475
3356.6866453919447,0.19132653061224492
3332.8047545854565,0.19132653061224492
3312.6068373492826,0.19132653061224492
3320.166843642929,0.18367346938775508
3336.4247616850344,0.18367346938775508
3338.4201658693887,0.18367346938775508
3338.179934289984,0.18367346938775508
3325.5769776609723,0.19132653061224492
3307.747863043661,0.19132653061224492
3310.899466325707,0.18367346938775508
3315.29594106641,0.18367346938775508
3318.2427208215404,0.18367346938775508
3323.151336181021,0.18367346938775508
3317.7414175526296,0.19132653061224492
3310.4218418065457,0.19132653061224492
3307.078384245102,0.18367346938775508
3304.631961424855,0.18367346938775508
3311.867087294548,0.18367346938775508
3317.160309733119,0.18367346938775508
3307.984565402415,0.19132653061224492
3299.2289229179064,0.19132653061224492
3297.584030465182,0.18367346938775508
3298.096536999119,0.18367346938775508
3299.765326330061,0.18367346938775508
3300.9778699607823,0.18367346938775508
3290.6700152647545,0.18367346938775508
3278.1532528000907,0.18367346938775508
3279.344905704381,0.18367346938775508
3276.4615762833196,0.18367346938775508
3275.896859041165,0.16836734693877542
3284.6563636361047,0.16071428571428567
3283.7712422635914,0.17602040816326534
3280.6897899644787,0.17602040816326534
3283.0892053780185,0.17602040816326534
3279.6447866702047,0.17602040816326534
3278.605072564908,0.1683673469387755
3286.353172264201,0.17602040816326525
3284.3102927377654,0.18367346938775508
3280.6387675290453,0.18367346938775508
3284.8489545237385,0.17602040816326525
3282.158982644932,0.1683673469387755
3279.549508830723,0.1683673469387755
3282.652177474553,0.16071428571428575
3274.923618823048,0.16836734693877559
3265.5089581149614,0.17602040816326534
3269.6075092881665,0.1683673469387755
3270.352977604626,0.16071428571428575
3268.682677075089,0.16071428571428575
3273.6050666530377,0.16071428571428575
3269.4718942363615,0.16836734693877559
3258.4438905290876,0.17602040816326534
3257.4494691551736,0.16071428571428567
3256.49797060256,0.15306122448979592
3256.592301435985,0.16071428571428575
3259.3399885766635,0.16071428571428575
3244.7818499407736,0.16836734693877559
3238.1846531218453,0.16836734693877559
3255.4693850830404,0.15306122448979592
3270.6815213605405,0.15306122448979592
3281.56181868614,0.16071428571428575
3286.2467135362836,0.16071428571428575
3273.4430605691646,0.16836734693877559
3255.277995670213,0.16836734693877559
3251.1361874710656,0.15306122448979592
3260.0529611155803,0.15306122448979592
3282.3285117580635,0.16071428571428575
3312.0927834720055,0.16071428571428575
3325.0428608787315,0.16836734693877559
3331.3319067353214,0.18367346938775508
3352.9016915352076,0.18367346938775508
3399.696990040701,0.18367346938775508
3464.1595574157836,0.18367346938775508
3520.2195595641915,0.18367346938775508
3538.0675156106263,0.19132653061224492
3541.95059572478,0.20663265306122447
3543.7981659137677,0.20663265306122447
3541.435811301676,0.21428571428571425
3559.5925412131705,0.21428571428571425
3593.813872393397,0.21428571428571425
3601.759561482647,0.23724489795918358
3600.923491768597,0.2448979591836734
3624.3510790872965,0.23724489795918358
3644.0486061589154,0.22959183673469374
3643.920235363311,0.2448979591836733
3653.4252268154237,0.2678571428571426
3655.877912688212,0.27551020408163246
3643.2663031250936,0.27551020408163246
3649.7745446387207,0.27551020408163246
3668.29879200265,0.27551020408163246
3690.1159340544773,0.2678571428571426
3716.9383321673577,0.252551020408163
3726.7055957724706,0.26020408163265285
3723.6913364965285,0.27551020408163246
3737.3918289084168,0.27551020408163246
3757.5705290305955,0.2831632653061223
3728.953422100945,0.3061224489795915
3686.9406018293985,0.31377551020408134
3663.12254458872,0.2908163265306121
3626.7506656742744,0.2831632653061223
3594.527294859454,0.29846938775510184
3554.4089157907656,0.32142857142857134
3493.2749691792187,0.29846938775510196
3438.008494969577,0.2448979591836733
2959.2494455495525,0.18276245218335233
1454.8071164228975,0.06796653381600555
400.0,0.06796653381600555
708.5906530357572,-0.14234693877551016
1448.1292625235983,-0.4431122448979592
2049.5154549621675,-0.5464285714285715
2337.169893705398,-0.4262755102040817
2556.9060246581134,-0.3642857142857142
2775.3761566802,-0.28775510204081634
2943.0113306888625,-0.22193877551020408
3019.814503120737,-0.17142857142857126
3082.5654523679004,-0.11020408163265279
3147.544171281854,-0.05204081632653033
3209.388100247823,-0.003061224489795844
3290.15273891784,0.021428571428571352
3332.748745584652,0.04974489795918373
3349.7597484676153,0.08647959183673493
3387.6909281021017,0.09719387755102069
3431.74772657263,0.10408163265306145
3462.744586913382,0.12780612244897993
3505.5095481108124,0.15841836734693915
3550.1918941621225,0.1721938775510206
3551.378692950821,0.1836734693877552
3546.0160743253196,0.19132653061224492
3562.3480802061667,0.19897959183673475
3592.9394899707413,0.2066326530612245
3632.7424121825215,0.2066326530612245
3648.286519407193,0.22193877551020397
3630.5793487969504,0.23724489795918358
3621.0310588886196,0.23724489795918358
3619.6573796674147,0.23724489795918358
3614.725589769594,0.23724489795918358
3624.7671118044523,0.22959183673469374
3627.0020371896803,0.22959183673469374
3600.470506840714,0.25255102040816313
3576.9410213776173,0.26020408163265296
3574.6538555838574,0.25255102040816313
3565.951738292262,0.2448979591836733
3566.2393800407685,0.23724489795918347
3585.5537997301153,0.23724489795918347
3572.5051519756357,0.2448979591836733
3556.4519307044393,0.2448979591836733
3558.3517740088437,0.23724489795918358
3537.9094513429673,0.23724489795918358
3520.4221915833023,0.22959183673469374
3519.0116996570805,0.221938775510204
3514.7541828943404,0.22959183673469383
3499.2968051956464,0.22959183673469383
3486.017071189506,0.21428571428571425
3477.332493070805,0.21428571428571425
3484.192304675056,0.21428571428571425
3489.400606297916,0.21428571428571425
3456.0935813578635,0.21428571428571425
3407.7737932754117,0.21428571428571425
3371.114852966012,0.20663265306122441
3351.400630002704,0.19897959183673466
3347.627771600306,0.19132653061224483
3346.720113131595,0.18367346938775508
3327.629774381222,0.19132653061224492
3320.26845533976,0.19132653061224492
3337.8700699084675,0.18367346938775508
3345.575723151519,0.18367346938775508
3345.422596803309,0.17602040816326525
3336.8247687276007,0.16836734693877553
3317.2574262308294,0.17602040816326536
3317.8505155002526,0.18367346938775508
3339.9660444614537,0.18367346938775508
3354.208874777457,0.17602040816326536
3357.3364065201545,0.17602040816326536
3360.330115009053,0.17602040816326536
3350.461288684217,0.17602040816326536
3340.0086372624337,0.18367346938775508
3352.7335466242985,0.18367346938775508
3358.4961562316407,0.18367346938775508
3358.823527380841,0.18367346938775508
3345.3615597705484,0.18367346938775508
3312.3031169570486,0.18367346938775508
3315.0393171713276,0.18367346938775508
3340.7252899493083,0.18367346938775508
3348.054606491756,0.17602040816326536
3360.0538855442646,0.17602040816326536
3369.8617757390157,0.18367346938775508
3349.4633556064573,0.18367346938775508
3337.784014081559,0.18367346938775508
3351.397765164962,0.18367346938775508
3356.1751087956713,0.17602040816326536
3356.771093711363,0.17602040816326536
3365.724883438169,0.17602040816326536
3366.0146679861864,0.17602040816326536
3353.682462047683,0.17602040816326536
3344.8097465961055,0.17602040816326536
3343.096131740587,0.17602040816326536
3348.1122072640833,0.17602040816326536
3357.6812484064167,0.17602040816326536
3356.0981191682686,0.17602040816326536
3347.974098791353,0.17602040816326536
3345.3096155890007,0.17602040816326536
3343.261033593674,0.17602040816326536
3337.7118368727674,0.17602040816326536
3322.8194434252105,0.17602040816326536
3301.481119751087,0.17602040816326536
3301.156012451856,0.16836734693877559
3324.844307442415,0.16071428571428575
3342.2087414290604,0.16071428571428575
3346.118593400832,0.16071428571428575
3350.665746404814,0.16071428571428575
3351.960291644581,0.16836734693877559
3346.025674099111,0.16836734693877559
3351.8203968424395,0.16836734693877559
3357.9233060480406,0.17602040816326536
3354.583005614447,0.17602040816326536
3357.3392751071915,0.17602040816326536
3354.0623969887038,0.17602040816326536
3338.87811049848,0.17602040816326536
3329.905664466559,0.16836734693877553
3325.478805614269,0.16071428571428575
3320.3168654798155,0.16071428571428575
3320.3466726305505,0.16071428571428575
3318.1105554562064,0.16071428571428575
3308.989193859739,0.16071428571428575
3302.4785672015823,0.16071428571428575
3297.422336376434,0.16071428571428575
3294.6343981632263,0.16071428571428575
3300.144299498871,0.16071428571428575
3296.079141570991,0.16071428571428575
3285.7289410478115,0.16071428571428575
3288.5008440572756,0.16071428571428575
3294.282173492875,0.16071428571428575
3299.6402279688436,0.16071428571428575
3308.384858926468,0.16071428571428575
3310.8896459817306,0.16071428571428575
3306.4054274161335,0.16071428571428575
3303.2767606615053,0.16071428571428575
3299.733360112181,0.16071428571428575
3298.0855059220485,0.16071428571428575
3288.8063360896767,0.16071428571428575
3268.591698459714,0.16071428571428575
3272.3168956058953,0.16071428571428575
3294.3714456400703,0.16071428571428575
3311.775620843767,0.16071428571428575
3299.764064630148,0.16071428571428575
3289.6508958569657,0.16071428571428575
3291.518938843851,0.16071428571428575
3273.3932051043157,0.16071428571428575
3252.760494283901,0.17602040816326542
3223.0472942314145,0.19132653061224492
3173.6921924768512,0.15306122448979584
3154.5708375345293,0.12244897959183679
3213.9405445826133,0.09948979591836746
3335.7182104190506,0.09948979591836755
3430.8298798819296,0.1301020408163267
3446.709745085271,0.1454081632653062
3416.52297934036,0.17602040816326542
3389.788868277516,0.19132653061224492
3384.5882480299356,0.19132653061224492
3393.4792009931843,0.19897959183673466
3389.760419302751,0.19897959183673466
3372.484398991146,0.19897959183673466
3368.939768472268,0.19897959183673466
3366.3579541349472,0.19132653061224492
3369.960773020478,0.18367346938775508
3379.4836145843756,0.18367346938775508
3391.6552698976466,0.18367346938775508
3407.583695412689,0.18367346938775508
3410.9806561173164,0.18367346938775508
3406.3029629917924,0.18367346938775508
3406.556288496062,0.18367346938775508
3410.0470539112403,0.18367346938775508
3419.117566168101,0.18367346938775508
3421.6596324300713,0.17602040816326536
3408.8818330628196,0.17602040816326536
3402.0000501643244,0.18367346938775508
3408.7540699733877,0.18367346938775508
3409.4563788280443,0.18367346938775508
3419.747575361983,0.21428571428571422
3428.136801201007,0.20663265306122447
3408.763219860628,0.20663265306122447
3400.971806540485,0.21428571428571422
3415.4342466722474,0.21428571428571422
3444.1661482618156,0.20663265306122447
3461.4566492602744,0.20663265306122447
3466.8652028896913,0.20663265306122447
3463.027368989525,0.2142857142857143
3463.819147035456,0.22193877551020405
3478.193699826224,0.21428571428571422
3483.784627423245,0.22193877551020397
3489.170286784268,0.22193877551020397
3484.9040275506472,0.22193877551020397
3464.1440390897724,0.2295918367346938
3440.1117556870977,0.22193877551020405
3433.8786835999126,0.21428571428571422
3432.632979220517,0.21428571428571422
3431.7681129058774,0.21428571428571422
3441.035994414214,0.20663265306122447
3437.803796329339,0.20663265306122447
3441.9400487537177,0.20663265306122447
3461.7834143936216,0.20663265306122447
3472.172420833458,0.20663265306122447
3470.6855090813397,0.20663265306122447
3464.959164063282,0.21428571428571422
3449.9301956327654,0.22193877551020405
3445.592342098762,0.22193877551020405
3456.4264461849407,0.21428571428571422
3458.6981530426647,0.21428571428571422
3457.770360728479,0.21428571428571422
3454.146416026449,0.21428571428571422
3438.8838599544115,0.21428571428571422
3435.660125148347,0.20663265306122447
3449.451606188026,0.20663265306122447
3455.8789314565392,0.20663265306122447
3459.381003365378,0.20663265306122447
3456.755525244267,0.21428571428571422
3438.9302179110805,0.21428571428571422
3434.8076390538317,0.20663265306122447
3446.846020208536,0.20663265306122447
3451.841922152739,0.20663265306122447
3455.2177931315823,0.20663265306122447
3451.2122685861145,0.21428571428571422
3431.8247324461577,0.21428571428571422
3425.091196362232,0.20663265306122447
3437.0355040115805,0.20663265306122447
3441.308294808681,0.20663265306122447
3434.1370826682246,0.20663265306122447
3423.3477203103466,0.20663265306122447
3405.1643374794403,0.20663265306122447
3378.2439187772934,0.20663265306122447
3369.900185803616,0.20663265306122447
3372.601888561909,0.19897959183673475
3370.324625751757,0.19897959183673475
3362.0396028714076,0.19897959183673475
3354.164877852669,0.19897959183673475
3353.7592702176335,0.19897959183673475
3361.878965988586,0.18367346938775508
3368.2745136919016,0.18367346938775508
3376.270459556777,0.19132653061224492
3387.936458760085,0.19132653061224492
3384.2973150545704,0.19132653061224492
3371.1600138425947,0.19132653061224492
3369.579967331447,0.19132653061224492
3371.530712848944,0.19132653061224492
3381.9060071408285,0.18367346938775508
3397.9644355726496,0.18367346938775508
3396.731245522977,0.19132653061224492
3403.1926433331055,0.19132653061224492
3420.37762012445,0.18367346938775508
3430.333823160904,0.18367346938775508
3458.864169344481,0.18367346938775508
3483.9506215777496,0.19132653061224483
3464.286248023123,0.20663265306122447
3440.142534094084,0.20663265306122447
3429.202164158588,0.20663265306122447
3426.3161089714113,0.20663265306122447
3451.3203693260857,0.19897959183673464
3468.0997940771667,0.19897959183673464
3446.8597856926835,0.20663265306122447
3427.4211940064147,0.20663265306122447
3416.1967043659215,0.20663265306122447
3413.6789380277064,0.20663265306122447
3442.150563714149,0.19897959183673464
3459.370156027984,0.19897959183673464
3435.4488542365284,0.20663265306122447
3417.5092703633172,0.20663265306122447
3415.5365433152538,0.20663265306122447
3411.4692524361344,0.20663265306122447
3428.5429110376735,0.19897959183673464
3439.0504448032525,0.19897959183673464
3411.1868320437657,0.20663265306122447
3390.3586590189125,0.20663265306122447
3382.0678044075667,0.19897959183673464
3376.592638769109,0.19897959183673464
3394.2574089401164,0.19132653061224483
3397.549335603222,0.18367346938775508
3362.4088003460356,0.19132653061224492
3331.9849505348066,0.19132653061224492
3317.9307140970022,0.18367346938775508
3308.067319660592,0.18367346938775508
3314.8530688530277,0.18367346938775508
3315.5388923514556,0.18367346938775508
3295.9492250192975,0.18367346938775508
3287.0343985526024,0.18367346938775508
3289.5862675197795,0.1683673469387755
3285.742047437414,0.1683673469387755
3289.5856219935904,0.1683673469387755
3294.981774354819,0.16071428571428575
3277.5127531651747,0.17602040816326534
3262.579340728509,0.17602040816326534
3265.9538895882615,0.16071428571428575
3268.6620468943365,0.16071428571428575
3275.3171441252584,0.16071428571428575
3279.127135268929,0.16071428571428575
3267.788923848865,0.16071428571428575
3265.122991807009,0.16071428571428575
3279.2713136479592,0.16071428571428575
3308.0900995167876,0.16071428571428575
3315.235505927947,0.17602040816326534
3294.374596286885,0.17602040816326534
3277.11281635692,0.17602040816326534
3266.0872945867204,0.17602040816326534
3262.773198773587,0.191326530612245
3227.5509307229595,0.19897959183673464
3164.5285892814686,0.1607142857142856
3139.9928366119184,0.13775510204081626
3210.8549149707906,0.09948979591836746
3349.635005753342,0.10714285714285739
3444.172767645432,0.13775510204081645
3470.08577261758,0.15306122448979592
3454.4845713785317,0.20663265306122458
3429.920844194551,0.2142857142857143
3415.1639494545398,0.20663265306122447
3410.5131914390026,0.20663265306122447
3404.1125071656193,0.20663265306122447
3407.4228780721714,0.21428571428571422
3422.269779368948,0.2066326530612244
3439.8403245808972,0.19897959183673464
3445.9228527755013,0.20663265306122447
3437.8081002125214,0.21428571428571422
3440.3582895054674,0.21428571428571422
3436.757307521962,0.21428571428571422
3426.2024150531097,0.21428571428571422
3432.163113073312,0.20663265306122447
3448.2614967621603,0.19897959183673464
3460.417423571885,0.19897959183673464
3485.7926416306686,0.19897959183673464
3510.349186812631,0.19897959183673464
3498.726052378637,0.20663265306122447
3479.5197878005893,0.21428571428571422
3481.6831985184745,0.2066326530612244
3498.7718386615406,0.2066326530612244
3531.4907195263118,0.2066326530612244
3557.4575458616073,0.2066326530612244
3553.1519872959943,0.21428571428571422
3553.8948993712493,0.22193877551020397
3563.0504810212888,0.22193877551020397
3567.970774275996,0.22959183673469372
3595.029913313141,0.22959183673469372
3606.4116043616823,0.22959183673469372
3579.3178943328903,0.2448979591836733
3576.6123035344726,0.2448979591836733
3586.955925468896,0.2448979591836733
3584.856732344028,0.2448979591836733
3605.3535958696457,0.23724489795918347
3611.6540593413292,0.23724489795918347
3571.0734973085637,0.25255102040816313
3526.7780507322077,0.26020408163265285
3502.42161969727,0.2448979591836732
3486.6220218397784,0.23724489795918347
3481.2333677562738,0.22959183673469372
3484.244009794575,0.21428571428571422
3477.879526169979,0.21428571428571422
3470.828693071981,0.21428571428571422
3464.133210865897,0.2066326530612244
3456.5214389161665,0.19897959183673464
3475.5442211240243,0.19897959183673464
3490.928210029884,0.19897959183673464
3462.882995897048,0.20663265306122447
3427.8368006740457,0.20663265306122447
3407.8675726310867,0.19897959183673464
3406.73140577531,0.19897959183673464
3409.474397092375,0.19132653061224483
3391.9754641130876,0.19132653061224483
3367.139600041006,0.19897959183673464
3362.8865248217076,0.19132653061224492
3379.700437442624,0.17602040816326534
3399.0344940802784,0.17602040816326534
3408.9560339793197,0.18367346938775508
3393.4413789775163,0.18367346938775508
3364.2901105525466,0.19132653061224492
3357.339424654008,0.19132653061224492
3371.6624671050877,0.17602040816326534
3379.9710621745435,0.17602040816326534
3376.842354470181,0.18367346938775508
3374.5105209666635,0.18367346938775508
3368.3894831788675,0.18367346938775508
3360.7574386846172,0.18367346938775508
3370.811083408843,0.17602040816326534
3390.82039798987,0.17602040816326534
3399.8847333040967,0.18367346938775508
3382.3923228237804,0.18367346938775508
3349.920539852095,0.18367346938775508
3346.0524061687042,0.17602040816326534
3364.068964794282,0.17602040816326534
3379.527404161535,0.18367346938775508
3393.3433012156893,0.17602040816326534
3390.7971240149354,0.17602040816326534
3368.65849081323,0.18367346938775508
3360.783145994871,0.18367346938775508
3368.5066229492827,0.17602040816326534
3377.596744241836,0.17602040816326534
3391.4112929461016,0.17602040816326534
3386.953377828954,0.17602040816326534
3364.969383237546,0.18367346938775508
3354.9682263525924,0.18367346938775508
3360.676535063969,0.18367346938775508
3372.7188310998235,0.18367346938775508
3385.2672796335073,0.17602040816326534
3380.5386662988785,0.17602040816326534
3354.633916706626,0.18367346938775508
3340.9842827619586,0.17602040816326534
3355.632936681832,0.16071428571428575
3376.2289772104245,0.16071428571428575
3386.2391003329985,0.17602040816326534
3368.6553816749106,0.18367346938775508
3332.990111410001,0.17602040816326534
3324.0458005303317,0.16836734693877559
3339.325904443086,0.16071428571428575
3352.0764728597387,0.16071428571428575
3357.4682780823305,0.16071428571428575
3355.696640359147,0.16071428571428575
3346.8037880668667,0.16836734693877559
3337.5078857403764,0.16836734693877559
3339.919444518452,0.16071428571428575
3351.5033470049802,0.16071428571428575
3359.9956220156373,0.16071428571428575
3356.688716824469,0.16071428571428575
3346.83553926302,0.16836734693877559
3340.926635586443,0.16836734693877559
3352.502752834289,0.16071428571428575
3373.6116496017785,0.16071428571428575
3383.9170026272513,0.16836734693877559
3381.4690690839675,0.17602040816326534
3367.573773261695,0.17602040816326534
3350.383475697238,0.17602040816326534
3339.373369304065,0.17602040816326534
3337.31585547117,0.16836734693877559
3330.94132501264,0.16071428571428575
3326.7255997092607,0.16071428571428575
3327.31818658488,0.16071428571428575
3317.3521169035866,0.16071428571428575
3310.153425551415,0.16071428571428575
3305.97319863579,0.16071428571428575
3298.1735894734734,0.16071428571428575
3300.2880591120024,0.16071428571428575
3300.2571247012006,0.16071428571428575
3294.8752913869785,0.16071428571428575
3297.4001266209716,0.16071428571428575
3296.7967940531544,0.16071428571428575
3293.371674040583,0.16071428571428575
3301.5326801304645,0.16071428571428575
3308.8578001365295,0.16071428571428575
3301.7584662752374,0.16071428571428575
3302.673174518796,0.16071428571428575
3305.059349221965,0.16071428571428575
3303.6535988454098,0.16071428571428575
3308.0650309376297,0.16071428571428575
3304.1705572648652,0.16071428571428575
3304.201353215062,0.16071428571428575
3315.014397231646,0.16071428571428575
3311.589721583505,0.16071428571428575
3285.4953255943665,0.16071428571428575
3284.3641511635433,0.16071428571428575
3296.061754814649,0.16071428571428575
3276.339855759177,0.16071428571428575
3254.687181318909,0.229591836734694
3198.515870203598,0.2295918367346939
3126.5731984158756,0.17602040816326525
3135.516082562461,0.15306122448979592
3234.3689427003687,0.10714285714285729
3357.0489433532757,0.12244897959183695
3426.9601601443774,0.16071428571428575
3426.5100020607206,0.1683673469387755
3394.7068641792266,0.22193877551020416
3372.806506012841,0.2295918367346939
3364.490169105604,0.21428571428571425
3374.238162268499,0.21428571428571425
3370.2484543970368,0.21428571428571425
3361.024286793784,0.21428571428571425
3364.1739343806944,0.21428571428571425
3361.422658486691,0.21428571428571425
3367.993798965319,0.20663265306122447
3376.3438362687757,0.20663265306122447
3387.6631839440515,0.20663265306122447
3401.3758954038785,0.20663265306122447
3404.7759161564527,0.20663265306122447
3407.6886452213193,0.20663265306122447
3410.7228713613877,0.20663265306122447
3405.654727879482,0.20663265306122447
3412.822473913898,0.20663265306122447
3430.8331998288154,0.20663265306122447
3425.857121263351,0.20663265306122447
3409.820202894105,0.20663265306122447
3409.5033691506496,0.20663265306122447
3410.202721877994,0.20663265306122447
3419.265360571697,0.20663265306122447
3446.8612175549124,0.20663265306122447
3453.249056941194,0.20663265306122447
3451.1841966649627,0.20663265306122447
3459.201266597841,0.20663265306122447
3468.4199575701673,0.20663265306122447
3479.555899665954,0.21428571428571425
3474.1225585257707,0.21428571428571425
3449.0621344111673,0.21428571428571425
3428.6993141754974,0.21428571428571425
3423.2173650501945,0.20663265306122447
3419.8435666641253,0.20663265306122447
3426.643039263068,0.20663265306122447
3456.0383109997156,0.20663265306122447
3474.033347903505,0.20663265306122447
3479.5728739776087,0.20663265306122447
3481.809051594958,0.21428571428571425
3475.7849397979885,0.21428571428571425
3467.1280860410416,0.20663265306122447
3464.850576550497,0.20663265306122447
3466.809408468754,0.21428571428571425
3476.0094477875746,0.21428571428571425
3484.2774795579107,0.21428571428571425
3477.863125918667,0.21428571428571425
3466.486561003722,0.20663265306122447
3465.387280359872,0.20663265306122447
3467.163410810708,0.21428571428571425
3465.5330554042366,0.21428571428571425
3469.4233981175084,0.21428571428571425
3468.0325643760075,0.21428571428571425
3467.4845561068114,0.21428571428571425
3457.060737875443,0.21428571428571425
3436.267524455844,0.21428571428571425
3422.5639117912056,0.21428571428571425
3416.161213150107,0.20663265306122447
3407.678653345762,0.20663265306122447
3407.120104714507,0.20663265306122447
3430.7353152642077,0.19897959183673475
3449.386230755904,0.19132653061224492
3456.934224513936,0.19132653061224492
3461.275578054562,0.19897959183673475
3463.584079122589,0.20663265306122447
3461.8866159794125,0.20663265306122447
3451.972251760635,0.20663265306122447
3440.36556218036,0.20663265306122447
3444.0189987140607,0.20663265306122447
3456.6871696003946,0.20663265306122447
3455.610384789805,0.20663265306122447
3449.791379233206,0.20663265306122447
3436.728517826083,0.20663265306122447
3421.500556987431,0.20663265306122447
3410.8703089993696,0.20663265306122447
3404.162037156534,0.20663265306122447
3394.2763489269873,0.19897959183673475
3386.4711938256105,0.19132653061224492
3389.891241746458,0.19132653061224492
3396.5981152746144,0.19132653061224492
3416.2414993203884,0.19132653061224492
3436.639677734953,0.18367346938775508
3442.1537753565444,0.18367346938775508
3439.741812601277,0.19897959183673475
3427.894719001335,0.20663265306122447
3409.9496366239728,0.20663265306122447
3398.0498722512357,0.20663265306122447
3387.8729133471775,0.19897959183673464
3373.4200389258162,0.19132653061224492
3383.7614701098473,0.18367346938775508
3418.2049729620867,0.18367346938775508
3436.418999361794,0.18367346938775508
3436.437456327742,0.18367346938775508
3428.7812732020607,0.19897959183673475
3432.1051328795356,0.20663265306122447
3436.793172355982,0.20663265306122447
3427.8378948420545,0.20663265306122447
3416.3137761781823,0.20663265306122447
3418.674502356941,0.20663265306122447
3429.0155681159436,0.1913265306122448
3429.1717112639544,0.18367346938775508
3430.593721387105,0.19897959183673475
3415.1400133453126,0.20663265306122447
3412.9072923706112,0.20663265306122447
3448.9610547544444,0.20663265306122447
3459.6912527373015,0.20663265306122447
3452.109953646226,0.20663265306122447
3448.254333189284,0.20663265306122447
3438.1482928319792,0.20663265306122447
3424.5687090373626,0.20663265306122447
3413.5162827050463,0.20663265306122447
3414.986360929952,0.1913265306122448
3430.7272156328745,0.1913265306122448
3488.254804925699,0.19897959183673464
3555.803088214483,0.19897959183673464
3599.866153921723,0.21428571428571425
3633.465210612527,0.22959183673469372
3636.6166900285393,0.23724489795918355
3628.254756261252,0.23724489795918355
3660.7215688502174,0.22959183673469372
3688.4623256452305,0.23724489795918347
3678.8103515850016,0.25255102040816313
3686.9296151286744,0.2678571428571426
3715.2932626800093,0.2678571428571426
3738.0108094554616,0.2678571428571426
3776.122377812545,0.2678571428571426
3790.113200235939,0.29081632653061185
3753.306861862943,0.31377551020408134
3723.7534110833844,0.31377551020408134
3716.420768442814,0.3061224489795915
3723.893434274396,0.2984693877551018
3760.3739122299176,0.29081632653061196
3785.286400704426,0.2984693877551017
3768.476388202026,0.31377551020408134
3758.2998815487317,0.31377551020408134
3774.738940892721,0.3061224489795915
3795.7325857034803,0.3061224489795915
3830.9852860768765,0.31377551020408134
3843.927949254722,0.31377551020408134
3814.4144408225593,0.3214285714285712
3802.9934655929237,0.3214285714285712
3795.4801097170966,0.31377551020408134
3756.565588424941,0.31377551020408134
3702.2295491006957,0.31377551020408134
3678.307182742174,0.2908163265306121
3663.4475285808103,0.27551020408163246
3627.2678925588607,0.27551020408163246
3574.978121373477,0.3137755102040815
3527.959249400399,0.3137755102040815
3506.7850200015237,0.2602040816326528
3501.2627814128487,0.22193877551020408
2076.0198264346395,0.06122448979591848
523.0690371473278,0.06122448979591848
475.95826753665204,0.06122448979591848
1160.5399681537517,-0.32142857142857134
1995.6773607547675,-0.5693877551020408
2399.0624383931636,-0.44464285714285734
2687.8354709965074,-0.3459183673469388
2902.670178877521,-0.28086734693877535
3063.4787459612144,-0.21045918367346922
3143.4727041667206,-0.14846938775510168
3223.525684542557,-0.07499999999999973
3330.4539093809262,-0.01913265306122467
3374.726903610646,0.015306122448979574
3398.09526493566,0.053571428571428735
3446.0005100272606,0.083418367346939
3488.832258737149,0.09030612244897984
3504.6238379163497,0.11938775510204111
3517.89914712041,0.15994897959183713
3541.6793803688925,0.17908163265306126
3565.9518210679107,0.18367346938775517
3579.6809629566997,0.19132653061224492
3579.5027077962022,0.19132653061224492
3589.3736361343754,0.19132653061224492
3616.446187643331,0.19897959183673466
3639.265464833734,0.20663265306122441
3656.1712757320365,0.21428571428571414
3679.5698274228725,0.22193877551020397
3683.083280431787,0.22959183673469372
3672.087193555146,0.2448979591836733
3658.9781653942,0.252551020408163
3633.27580807132,0.252551020408163
3616.7714337737325,0.252551020408163
3624.5727734940156,0.252551020408163
3632.375473514746,0.252551020408163
3632.638869755331,0.252551020408163
3636.9594587334436,0.252551020408163
3629.2641378892986,0.252551020408163
3629.3389220418976,0.252551020408163
3657.395963126268,0.252551020408163
3667.930457155309,0.26020408163265285
3648.623271785474,0.26020408163265285
3628.0845181568457,0.252551020408163
3618.4940543768826,0.252551020408163
3623.674770847526,0.252551020408163
3633.6294965949073,0.24489795918367321
3620.513369468981,0.252551020408163
3589.7828242828255,0.2678571428571427
3559.1834137251335,0.26020408163265285
3522.376114925226,0.2448979591836733
3506.8600863460324,0.2448979591836733
3515.741284116586,0.23724489795918347
3496.526608026802,0.23724489795918347
3442.462365692305,0.23724489795918347
3407.2003145562653,0.22959183673469372
3395.8630641849727,0.22193877551020388
3400.3356440953057,0.19897959183673458
3420.6293000130827,0.19132653061224483
3431.1132081791566,0.18367346938775508
3419.4972267482935,0.18367346938775508
3406.623681217392,0.19132653061224483
3400.8740478586815,0.19132653061224483
3406.0470752040437,0.18367346938775508
3423.0726606987682,0.18367346938775508
3424.9692375396507,0.18367346938775508
3408.9101711612902,0.18367346938775508
3399.9959829494346,0.19132653061224483
3403.09132394052,0.19132653061224483
3408.753006653982,0.18367346938775508
3413.6447548731758,0.18367346938775508
3409.7273861968915,0.18367346938775508
3399.6707933259017,0.18367346938775508
3399.0955385909683,0.18367346938775508
3400.4770804165255,0.18367346938775508
3412.2495933730506,0.18367346938775508
3441.502091905664,0.18367346938775508
3444.813239714646,0.19897959183673466
3409.9246803192373,0.19897959183673466
3387.317918008599,0.18367346938775508
3381.423364916568,0.18367346938775508
3385.7393204182,0.18367346938775508
3409.846769008141,0.18367346938775508
3424.606031852897,0.18367346938775508
3406.8026716227223,0.18367346938775508
3395.9996173454138,0.18367346938775508
3400.092848165353,0.18367346938775508
3405.310262325681,0.18367346938775508
3420.9812706999187,0.17602040816326534
3411.8802508088165,0.17602040816326534
3392.720114869372,0.18367346938775508
3395.47178641913,0.18367346938775508
3398.4421017881505,0.18367346938775508
3400.817681998674,0.18367346938775508
3415.8660868559373,0.17602040816326534
3425.8056834735826,0.17602040816326534
3416.3751685782227,0.18367346938775508
3408.6445020919355,0.18367346938775508
3401.510207874968,0.18367346938775508
3403.007189465763,0.18367346938775508
3422.9219042660643,0.17602040816326534
3425.296394179558,0.17602040816326534
3403.5058570614656,0.18367346938775508
3394.650270234077,0.18367346938775508
3394.3542130821156,0.18367346938775508
3400.518791032585,0.18367346938775508
3424.1520580588713,0.17602040816326534
3435.3614802482284,0.17602040816326534
3418.839889931476,0.18367346938775508
3402.8363703351984,0.18367346938775508
3399.379924436804,0.18367346938775508
3404.750692513432,0.18367346938775508
3422.427692352071,0.17602040816326534
3421.453700908697,0.17602040816326534
3392.316591800277,0.18367346938775508
3378.098415755401,0.18367346938775508
3374.385746407712,0.18367346938775508
3371.6850974795934,0.18367346938775508
3380.800846073811,0.17602040816326534
3372.6584125418294,0.17602040816326534
3352.345907972657,0.16836734693877559
3351.254332841185,0.19132653061224492
3347.2818283824827,0.19897959183673464
3338.9969149789213,0.20663265306122447
3345.498694405932,0.19897959183673475
3346.7967630345584,0.19897959183673475
3341.0357947218918,0.19897959183673475
3336.4889649574793,0.19132653061224492
3326.6722350400937,0.18367346938775508
3328.2904016427537,0.18367346938775508
3339.8934009889317,0.18367346938775508
3338.6187343435163,0.19132653061224492
3331.789319348782,0.19132653061224492
3326.989902866011,0.18367346938775508
3318.602824369743,0.18367346938775508
3320.903009221367,0.18367346938775508
3334.722350089787,0.18367346938775508
3337.449107186396,0.19132653061224492
3332.2439913241733,0.19132653061224492
3327.182144390821,0.18367346938775508
3320.7602646071646,0.18367346938775508
3274.59468787051,0.19132653061224492
3248.777846125199,0.19132653061224492
3277.9676691210125,0.18367346938775508
3282.2278688620595,0.18367346938775508
3259.940326666833,0.20663265306122458
3231.8644677313287,0.23724489795918374
3170.7685347718993,0.20663265306122441
3133.664740857811,0.16071428571428575
3170.090133147809,0.12244897959183677
3282.9306453211975,0.10714285714285729
3406.2512352751182,0.14540816326530626
3450.9077074194042,0.1683673469387755
3431.4175618929494,0.19897959183673483
3399.9161108638846,0.2295918367346939
3405.8778542461123,0.22193877551020408
3409.5331233562647,0.22193877551020408
3408.9855201995606,0.22193877551020408
3410.248404461541,0.22193877551020408
3404.004065765672,0.22193877551020408
3413.036881734667,0.22193877551020408
3432.3778433725292,0.21428571428571425
3450.489638879884,0.21428571428571425
3458.269891682981,0.21428571428571425
3459.536075602414,0.21428571428571425
3450.6884978555154,0.21428571428571425
3451.2114787979644,0.21428571428571425
3473.356077699351,0.21428571428571425
3490.904982661291,0.21428571428571425
3501.798999881815,0.22193877551020408
3512.8643761969297,0.22193877551020408
3509.4475605786147,0.22193877551020408
3502.761377155877,0.22193877551020408
3512.0221041723053,0.22193877551020408
3521.824846574903,0.22193877551020408
3543.4847826960267,0.21428571428571425
3576.340501534967,0.21428571428571425
3580.260422043082,0.2448979591836733
3577.531817577166,0.25255102040816313
3580.608653282421,0.25255102040816313
3570.0955319126506,0.25255102040816313
3578.536542082138,0.25255102040816313
3610.3717956683467,0.2448979591836733
3617.7175865031795,0.25255102040816313
3595.685585664138,0.2678571428571427
3577.7217001020804,0.2678571428571427
3563.4090692392756,0.2678571428571427
3556.9191648217875,0.26020408163265285
3560.3124129694856,0.25255102040816313
3555.6420463511586,0.25255102040816313
3551.034104138982,0.25255102040816313
3538.717147325902,0.25255102040816313
3516.7936745021807,0.25255102040816313
3515.4542367979093,0.25255102040816313
3522.491784353147,0.25255102040816313
3506.226627277397,0.25255102040816313
3477.794366221225,0.2448979591836733
3462.6234931430445,0.21428571428571425
3460.0447189227298,0.21428571428571425
3456.1053419266236,0.21428571428571425
3448.00372998814,0.21428571428571425
3433.233493901607,0.21428571428571425
3423.634231049425,0.21428571428571425
3432.5691408810944,0.21428571428571425
3437.0324859094662,0.20663265306122447
3432.09128519374,0.20663265306122447
3428.4402030242863,0.20663265306122447
3423.163364870701,0.20663265306122447
3417.795593618639,0.20663265306122447
3418.6603513645196,0.20663265306122447
3420.0140518519192,0.20663265306122447
3424.3685250333842,0.20663265306122447
3425.257471907229,0.20663265306122447
3407.7731060555925,0.20663265306122447
3393.4831356040277,0.20663265306122447
3401.0584459603815,0.20663265306122447
3410.3167309888704,0.19897959183673464
3408.2415964912843,0.19897959183673464
3408.5853487094405,0.20663265306122447
3407.1658768424745,0.20663265306122447
3400.4944549821066,0.20663265306122447
3395.6507479975817,0.20663265306122447
3388.5276970179666,0.20663265306122447
3386.4563217559626,0.20663265306122447
3387.7083833568295,0.19897959183673464
3376.896232572118,0.19897959183673464
3352.0590141337916,0.19897959183673475
3339.2819164491593,0.19132653061224492
3340.8113179008365,0.18367346938775508
3340.8326462037867,0.18367346938775508
3345.715883379382,0.18367346938775508
3349.828573502882,0.19132653061224492
3358.7332225812033,0.19132653061224492
3376.75967252357,0.18367346938775508
3387.0138466475646,0.18367346938775508
3389.2177001669543,0.18367346938775508
3390.835820357983,0.18367346938775508
3379.6781947186046,0.19132653061224492
3348.4041337633553,0.19132653061224492
3335.0511601710627,0.18367346938775508
3337.5347315718664,0.18367346938775508
3339.729384572746,0.18367346938775508
3340.6378087569183,0.18367346938775508
3335.5473516873844,0.18367346938775508
3345.9760783031793,0.18367346938775508
3367.0201281357163,0.18367346938775508
3379.037909018055,0.18367346938775508
3378.9035751811343,0.18367346938775508
3368.702292955827,0.18367346938775508
3351.9502589002836,0.18367346938775508
3344.5529114748206,0.18367346938775508
3358.686104836638,0.18367346938775508
3372.385583433071,0.18367346938775508
3369.336316420756,0.18367346938775508
3362.173961941361,0.18367346938775508
3349.843299631136,0.18367346938775508
3345.0990036943303,0.18367346938775508
3362.384369919212,0.18367346938775508
3375.429510529925,0.18367346938775508
3374.544046842185,0.18367346938775508
3366.77937832365,0.18367346938775508
3350.861584324773,0.18367346938775508
3351.086606546285,0.18367346938775508
3365.8589622691993,0.18367346938775508
3373.3107138359596,0.18367346938775508
3373.49505146731,0.18367346938775508
3372.659298992684,0.18367346938775508
3371.518535346996,0.18367346938775508
3366.9298607215237,0.18367346938775508
3359.440219346601,0.18367346938775508
3350.202037591043,0.18367346938775508
3341.9604138120862,0.18367346938775508
3336.2332733207377,0.18367346938775508
3327.2799805931086,0.18367346938775508
3315.2479663117347,0.18367346938775508
3316.612932779173,0.17602040816326525
3323.662172494207,0.1683673469387755
3323.0934378654656,0.1683673469387755
3318.612527618844,0.1683673469387755
3314.8182067937637,0.17602040816326534
3313.510012643715,0.18367346938775508
3318.7259716716794,0.18367346938775508
3321.9176879542956,0.17602040816326534
3316.937396491143,0.17602040816326534
3315.8611097316307,0.17602040816326534
3316.962621786798,0.17602040816326534
3313.4905206694225,0.18367346938775508
3309.9481056304794,0.17602040816326525
3303.5109747542247,0.1683673469387755
3317.4363652288057,0.1683673469387755
3348.0710986386966,0.1683673469387755
3343.896239426387,0.17602040816326534
3322.1467709474396,0.17602040816326534
3327.683332897058,0.17602040816326534
3344.0132611428253,0.17602040816326534
3320.3721955691844,0.17602040816326534
3307.7480495873597,0.17602040816326534
3326.790467580833,0.17602040816326534
3311.1615480056525,0.18367346938775508
3278.420322607215,0.19897959183673475
3241.740564370639,0.2142857142857143
3178.0722608105734,0.18367346938775497
3142.815270552183,0.15306122448979592
3190.273411036379,0.11479591836734694
3326.1435855801483,0.09183673469387771
3452.216967891506,0.1301020408163267
3488.771552167006,0.16071428571428567
3468.4077571080056,0.191326530612245
3450.2790968535264,0.2142857142857143
3448.4304723745663,0.20663265306122447
3448.4399049294925,0.21428571428571425
3456.07921583578,0.21428571428571425
3451.981280994066,0.21428571428571425
3443.019851281034,0.21428571428571425
3436.5161959106904,0.21428571428571425
3433.980636086977,0.21428571428571425
3435.600384958425,0.20663265306122447
3438.3659116265967,0.20663265306122447
3455.2173322633535,0.19897959183673464
3465.913369106285,0.19897959183673464
3462.0932157290226,0.20663265306122441
3466.973103315596,0.20663265306122441
3490.7936983096592,0.20663265306122441
3512.160183714335,0.20663265306122441
3518.0444896534455,0.20663265306122441
3508.867994688918,0.20663265306122441
3500.6420858824094,0.21428571428571425
3506.9040283664826,0.21428571428571425
3521.9029475329444,0.21428571428571425
3539.7980235222517,0.22959183673469374
3544.180935851466,0.22959183673469374
3529.0205945253188,0.22959183673469374
3527.7461874370238,0.22959183673469374
3547.91124872205,0.22959183673469374
3556.911930037452,0.22959183673469374
3560.8759951250013,0.22959183673469374
3561.9895481085096,0.22959183673469374
3542.3445653136987,0.2448979591836733
3530.255672356104,0.2448979591836733
3538.8726737354473,0.22959183673469374
3543.634321021178,0.22959183673469374
3562.208330798962,0.22193877551020397
3592.8951024995386,0.22193877551020397
3598.123758307754,0.23724489795918347
3588.3516097586116,0.23724489795918347
3578.365942596078,0.2448979591836733
3565.646815119153,0.2448979591836733
3571.79184570099,0.22959183673469374
3583.848574275572,0.22959183673469374
3558.9166414475303,0.2448979591836733
3526.197034082741,0.2448979591836733
3517.387794259209,0.23724489795918347
3515.747386444883,0.23724489795918347
3535.0513861615955,0.2219387755102039
3564.1625536985366,0.2219387755102039
3565.143051486536,0.23724489795918347
3548.8750147464602,0.23724489795918347
3531.124467703747,0.22959183673469374
3513.246176347111,0.22959183673469374
3522.2199122719658,0.22959183673469374
3538.960380350406,0.22959183673469374
3512.2684111362278,0.22959183673469374
3475.3989115370987,0.22959183673469374
3461.997077066385,0.22959183673469374
3463.3872436810475,0.22959183673469374
3483.8821960558475,0.21428571428571425
3498.9827194453055,0.19897959183673464
3477.2182070053905,0.19897959183673464
3436.4494754484103,0.21428571428571425
3419.513835060604,0.20663265306122441
3412.475088088741,0.1913265306122448
3422.966487441189,0.1913265306122448
3453.981187175057,0.18367346938775508
3457.4699078238727,0.18367346938775508
3452.965102989616,0.18367346938775508
3459.9817921668655,0.18367346938775508
3463.7670204451,0.1913265306122448
3484.2291369510963,0.1913265306122448
3505.3712035994026,0.1913265306122448
3482.5056944862363,0.19897959183673464
3441.3656891385435,0.20663265306122441
3426.4235362455374,0.19897959183673458
3441.1363793653973,0.1913265306122448
3475.639916160507,0.1913265306122448
3501.063555312435,0.18367346938775508
3479.4135278426174,0.19132653061224492
3435.145896193055,0.20663265306122441
3415.9329273178073,0.19897959183673458
3411.9633954778,0.1913265306122448
3426.6306390108484,0.1913265306122448
3449.22340333579,0.18367346938775508
3451.457927916677,0.19132653061224492
3454.988452106914,0.19897959183673464
3464.121268312467,0.1913265306122448
3467.2553620221915,0.1913265306122448
3481.737805318668,0.1913265306122448
3500.99130558964,0.1913265306122448
3485.5761899598183,0.19897959183673464
3461.817524288146,0.19132653061224492
3457.2806222553727,0.21428571428571425
3440.6541979430854,0.22193877551020397
3427.7610834097486,0.22193877551020397
3429.683313279609,0.21428571428571425
3418.7229737664225,0.21428571428571425
3394.0808093447026,0.22193877551020397
3385.008810465424,0.22193877551020397
3379.562476495661,0.2066326530612245
3386.4518801496756,0.2066326530612245
3410.091308003019,0.2066326530612245
3404.497120563792,0.2066326530612245
3380.8146568474676,0.2066326530612245
3374.256157208133,0.2066326530612245
3376.78717139504,0.2066326530612245
3388.049785744621,0.19897959183673466
3409.350449073156,0.19897959183673466
3409.054862131521,0.2066326530612245
3383.1402999539387,0.2066326530612245
3370.694471083144,0.2066326530612245
3372.174481009063,0.2066326530612245
3382.0624296785636,0.19132653061224483
3402.663868446598,0.18367346938775508
3403.732414727261,0.19897959183673475
3393.2655543042156,0.2066326530612245
3385.6886991788338,0.19897959183673466
3367.8627228314904,0.19897959183673466
3364.209891695801,0.2066326530612245
3385.286178208801,0.19897959183673475
3384.0184216210064,0.19897959183673475
3356.7710147410153,0.19897959183673475
3340.0884909039723,0.19897959183673475
3329.0737263847386,0.19897959183673475
3326.096499286301,0.18367346938775508
3332.2677740554004,0.18367346938775508
3320.4237815331953,0.19132653061224492
3306.1592100004373,0.19132653061224492
3310.3063992348652,0.18367346938775508
3315.0721892608944,0.18367346938775508
3326.000485689354,0.18367346938775508
3336.0563176283486,0.18367346938775508
3318.905172645789,0.19132653061224492
3301.027957185369,0.19132653061224492
3307.9102634423753,0.18367346938775508
3313.749174524718,0.18367346938775508
3317.3083004766404,0.18367346938775508
3326.092325048604,0.18367346938775508
3315.96807398936,0.19132653061224492
3302.5781531578286,0.19132653061224492
3305.8130576508615,0.18367346938775508
3307.119227279868,0.18367346938775508
3253.651220088519,0.19132653061224492
3234.0661496116973,0.19132653061224492
3280.6156677701465,0.17602040816326525
3282.708002614752,0.17602040816326525
3261.314988920935,0.20663265306122458
3234.088863689103,0.21428571428571433
3171.9757252793834,0.183673469387755
3145.0551402666442,0.16071428571428575
3215.5448403979763,0.11479591836734704
3352.497633402165,0.10714285714285729
3461.9266044100405,0.15306122448979603
3488.8737122487983,0.16836734693877553
3457.288123832827,0.2066326530612247
3421.604248590975,0.2295918367346939
3419.927791857263,0.21428571428571425
3428.3048076107525,0.21428571428571425
3436.658304690542,0.21428571428571425
3440.789124891041,0.21428571428571425
3426.957462270723,0.22193877551020408
3431.1075511337076,0.22193877551020408
3458.3683442072133,0.21428571428571425
3473.8517242852004,0.21428571428571425
3482.415382131445,0.21428571428571425
3487.4007019053997,0.21428571428571425
3472.5266881033617,0.22193877551020408
3464.237939682767,0.22193877551020408
3480.415027577797,0.21428571428571425
3500.5033204425035,0.21428571428571425
3533.9109918588374,0.21428571428571425
3562.6702549278366,0.21428571428571425
3559.075759539235,0.22193877551020408
3559.2427157535367,0.22193877551020408
3562.1269889189753,0.22959183673469383
3552.9035449971343,0.23724489795918358
3570.024845148015,0.23724489795918347
3599.9171297081675,0.23724489795918347
3595.7869834371204,0.2448979591836733
3578.5563361113627,0.25255102040816313
3566.2998191461866,0.25255102040816313
3558.0069474378074,0.25255102040816313
3568.497150093186,0.2448979591836734
3590.4823685861807,0.2448979591836734
3587.7103892388077,0.25255102040816313
3574.4770909678937,0.25255102040816313
3566.067993908102,0.25255102040816313
3555.2172743882516,0.25255102040816313
3580.9244319449595,0.2448979591836733
3608.341315408135,0.23724489795918347
3589.843207964595,0.2448979591836733
3559.182631482272,0.25255102040816313
3541.0362192458915,0.25255102040816313
3527.0934008151435,0.25255102040816313
3536.6199204251675,0.2448979591836733
3552.6373724538494,0.23724489795918347
3531.4696144846876,0.23724489795918358
3499.70491130545,0.22959183673469383
3483.5311989575594,0.22959183673469372
3480.836620516841,0.22959183673469372
3498.742828661787,0.21428571428571425
3520.462135299967,0.21428571428571425
3513.802004330831,0.21428571428571425
3491.9603927073194,0.21428571428571425
3482.0542183222387,0.21428571428571425
3477.996829667616,0.21428571428571425
3478.898759386925,0.21428571428571425
3490.815911568653,0.21428571428571425
3491.6151202271994,0.21428571428571425
3494.3132669590996,0.21428571428571425
3489.670925752182,0.21428571428571425
3473.0222790911166,0.21428571428571425
3485.2599774410864,0.21428571428571425
3498.239039578367,0.21428571428571425
3477.4980248685297,0.21428571428571425
3450.2274860958023,0.21428571428571425
3434.996095061044,0.21428571428571425
3420.4756134758495,0.2066326530612245
3411.6024927216295,0.2066326530612245
3408.6378756561276,0.2066326530612245
3389.1938380536285,0.2066326530612245
3354.1893379741855,0.19897959183673475
3343.6426709592615,0.18367346938775508
3340.438420915093,0.18367346938775508
3342.300595270234,0.18367346938775508
3346.727271746704,0.18367346938775508
3343.4036320270325,0.18367346938775508
3358.9724107674883,0.18367346938775508
3380.8687156652877,0.18367346938775508
3391.6528147677423,0.18367346938775508
3392.134071143818,0.18367346938775508
3386.032773731112,0.18367346938775508
3370.242387358724,0.18367346938775508
3345.9821038068058,0.18367346938775508
3341.527374329814,0.18367346938775508
3351.146222096163,0.18367346938775508
3355.7218903285575,0.18367346938775508
3366.7014031011167,0.18367346938775508
3375.6014368657366,0.18367346938775508
3381.340964676482,0.18367346938775508
3389.3971328483367,0.18367346938775508
3390.945697629172,0.18367346938775508
3394.411852353801,0.18367346938775508
3392.048428714451,0.18367346938775508
3374.0764224131954,0.18367346938775508
3371.847130773248,0.18367346938775508
3384.129988535339,0.18367346938775508
3385.757221464901,0.18367346938775508
3378.4796734139018,0.18367346938775508
3365.5664574324683,0.18367346938775508
3344.3886479248768,0.18367346938775508
3345.3872953635664,0.18367346938775508
3367.6923382868686,0.18367346938775508
3372.427973820974,0.17602040816326536
3364.6865651342237,0.17602040816326536
3345.9370711179063,0.18367346938775508
3321.5823062250474,0.18367346938775508
3328.0282582626887,0.18367346938775508
3349.3042988068964,0.17602040816326525
3356.1221595032266,0.16836734693877553
3354.2046041229555,0.17602040816326536
3349.369852958246,0.17602040816326536
3333.359979120067,0.17602040816326536
3316.959930211805,0.18367346938775508
3316.7178191184016,0.17602040816326525
3320.099949844093,0.16071428571428575
3329.6364109729734,0.16836734693877559
3342.29182705875,0.17602040816326536
3348.1418451349355,0.17602040816326536
3350.9337707150153,0.18367346938775508
3367.090284626739,0.18367346938775508
3407.756366271778,0.17602040816326536
3460.630464948995,0.17602040816326536
3487.4023785132545,0.18367346938775508
3479.649038092857,0.18367346938775508
3482.9898622696905,0.18367346938775508
3502.377628661841,0.19132653061224492
3509.7343993959903,0.19897959183673466
3515.0969831594343,0.19897959183673466
3532.9409016199543,0.19897959183673466
3543.726798458807,0.19897959183673466
3550.4089152396973,0.20663265306122441
3548.026376956792,0.21428571428571425
3543.474029099596,0.21428571428571425
3561.2515279306617,0.21428571428571425
3585.372124861625,0.22193877551020397
3591.257352702234,0.22959183673469374
3590.113076729983,0.22959183673469374
3583.8693684280047,0.22959183673469374
3579.7445569246574,0.22959183673469374
3601.2929866144805,0.22193877551020397
3621.3321758069055,0.22193877551020397
3619.619949585891,0.2448979591836733
3615.3113480303596,0.2448979591836733
3609.1684474796944,0.23724489795918358
3608.4151635663175,0.23724489795918358
3591.9587663101297,0.2448979591836733
3570.9778175177744,0.2448979591836733
3549.8555705770295,0.2448979591836733
3507.4184522015685,0.2448979591836733
3462.878975772138,0.2602040816326531
3423.3807422995,0.2678571428571429
3364.6509599500396,0.22193877551020397
3324.922080586015,0.19132653061224492
2571.747960898878,0.09489795918367355
1110.9379874863184,0.0183673469387756
400.0,0.0183673469387756
840.5608185698735,-0.20816326530612236
1646.4399134422042,-0.483673469387755
2188.58078047499,-0.4997448979591838
2493.947583961397,-0.3887755102040817
2755.2892051392573,-0.3374999999999998
2967.397937512331,-0.25102040816326515
3086.56607679431,-0.18367346938775472
3166.4493307068847,-0.11938775510204049
3276.977055687427,-0.05051020408163281
3374.7574766684556,-0.0030612244897960245
3413.7014640469533,0.03750000000000009
3452.5093268112305,0.0696428571428573
3515.6057388479885,0.07959183673469408
3563.7958986341473,0.10561224489795916
3588.0377943548574,0.1454081632653062
3603.040891994351,0.17602040816326534
3620.292188712413,0.18367346938775508
3656.303181060071,0.18367346938775508
3687.049651374598,0.19132653061224483
3691.41481589963,0.20663265306122447
3698.1553840475035,0.22193877551020397
3706.005230728987,0.22193877551020397
3711.703818715861,0.22959183673469372
3728.204872884252,0.2448979591836733
3719.012151632638,0.252551020408163
3688.8595067920796,0.2678571428571427
3675.2577733708067,0.2678571428571427
3667.0480527371164,0.2678571428571427
3660.2064210148537,0.2678571428571427
3667.477857355935,0.252551020408163
3677.5983078532936,0.252551020408163
3679.504305500992,0.2678571428571427
3684.1703814621774,0.2678571428571427
3685.8802172220776,0.2678571428571427
3677.5782075146585,0.27551020408163246
3675.5342699380935,0.27551020408163246
3675.746059211033,0.2678571428571427
3659.309896336503,0.26020408163265285
3648.367857452009,0.26020408163265285
3646.7523522948895,0.26020408163265285
3632.235473259271,0.26020408163265285
3626.460625432551,0.252551020408163
3623.792635555483,0.252551020408163
3600.0080771879598,0.252551020408163
3575.9667281273028,0.252551020408163
3551.0911028637233,0.252551020408163
3529.2284204603866,0.252551020408163
3523.8014203055814,0.2448979591836732
3510.2905817719575,0.23724489795918347
3479.020686663482,0.23724489795918347
3466.192670735804,0.23724489795918347
3467.9688838598986,0.22959183673469372
3472.2955670737547,0.22959183673469372
3474.16492480931,0.22959183673469372
3452.083661219741,0.22959183673469372
3428.7062047405434,0.22193877551020388
3413.2031749703456,0.2066326530612244
3413.273078760547,0.19897959183673458
3426.2018105405837,0.19132653061224483
3444.6356282483293,0.19132653061224483
3454.047221092331,0.19132653061224483
3448.1151936598426,0.2295918367346938
3447.2686304260133,0.22193877551020408
3443.8719863888555,0.21428571428571425
3439.6481183761434,0.22193877551020397
3458.1805991869833,0.22193877551020397
3464.108932717774,0.21428571428571425
3438.6820227363123,0.21428571428571425
3432.1924704495073,0.22193877551020397
3441.5257101808056,0.22193877551020397
3445.167736697757,0.22193877551020397
3466.8924012808147,0.22193877551020397
3468.9693119027297,0.21428571428571425
3424.8109529872627,0.22193877551020408
3386.378432477903,0.22193877551020408
3375.341362841681,0.21428571428571425
3374.2918967734986,0.21428571428571425
3395.532120364697,0.20663265306122447
3418.00097490605,0.21428571428571425
3403.0867293468973,0.21428571428571425
3377.791297550507,0.20663265306122447
3367.96493643305,0.20663265306122447
3366.590912379147,0.20663265306122447
3376.0949212066935,0.20663265306122447
3378.7216566258803,0.20663265306122447
3365.6618546860186,0.20663265306122447
3359.6932747707315,0.20663265306122447
3361.1280481654526,0.20663265306122447
3362.014642476015,0.20663265306122447
3369.479739566342,0.20663265306122447
3387.2768426422017,0.20663265306122447
3383.3656622618314,0.20663265306122447
3381.710876152374,0.19897959183673475
3388.9553034686414,0.19897959183673475
3396.463556616523,0.20663265306122447
3419.982405781745,0.1913265306122448
3417.459540502273,0.1913265306122448
3381.1791296618812,0.21428571428571425
3350.009454135654,0.21428571428571425
3339.3380396711946,0.20663265306122447
3337.174531686549,0.20663265306122447
3349.743782209408,0.20663265306122447
3375.7905879177365,0.19897959183673475
3379.0491829015273,0.19132653061224492
3385.555394716309,0.19132653061224492
3403.3218899487883,0.19897959183673475
3411.1190148739697,0.20663265306122447
3430.7323994058347,0.20663265306122447
3433.8953451153993,0.20663265306122447
3406.850496267868,0.20663265306122447
3392.7206025538217,0.20663265306122447
3386.3747636039207,0.20663265306122447
3365.3019209938375,0.20663265306122447
3356.3461020733,0.20663265306122447
3363.646766388609,0.20663265306122447
3349.880589138506,0.20663265306122447
3329.0593381737062,0.19897959183673475
3314.975954793448,0.18367346938775508
3307.3200141632187,0.18367346938775508
3311.493940867365,0.18367346938775508
3306.619938441472,0.18367346938775508
3284.882623266956,0.19132653061224492
3267.3396776073214,0.19132653061224492
3273.176455694551,0.18367346938775508
3281.823213096327,0.18367346938775508
3289.2975872245097,0.18367346938775508
3288.803158618891,0.18367346938775508
3274.277672283558,0.18367346938775508
3267.0102201287,0.18367346938775508
3270.4656942856477,0.17602040816326525
3275.4915429902094,0.17602040816326525
3279.167168307751,0.18367346938775508
3278.4850059853115,0.18367346938775508
3269.7954815641497,0.18367346938775508
3277.644389798962,0.18367346938775508
3297.450892919943,0.18367346938775508
3282.433396274763,0.18367346938775508
3251.8328747147325,0.19132653061224492
3258.9318367520264,0.19132653061224492
3275.205767796975,0.19132653061224492
3282.41097452779,0.19132653061224492
3284.989790031027,0.21428571428571433
3240.7690581242796,0.2066326530612245
3183.6854559631665,0.17602040816326525
3172.2166762638553,0.16071428571428567
3257.6794025160916,0.11479591836734704
3400.7097792636696,0.1301020408163267
3486.8679067075172,0.16071428571428575
3504.4248153612343,0.17602040816326525
3473.154676749053,0.2295918367346939
3443.764187542738,0.2295918367346939
3429.2038944602155,0.22193877551020408
3432.757420116579,0.2295918367346938
3438.117078292943,0.2295918367346938
3432.3856056400627,0.2448979591836733
3432.773348698739,0.2448979591836733
3441.529356343024,0.22193877551020408
3456.351862229184,0.21428571428571425
3470.125502180096,0.22193877551020397
3478.6348913164848,0.2295918367346938
3460.4754644258733,0.23724489795918355
3441.994529997489,0.23724489795918355
3452.623820157949,0.22193877551020408
3473.853326407213,0.21428571428571425
3497.948741612462,0.22959183673469372
3532.6530640571573,0.22959183673469372
3547.78373651164,0.23724489795918347
3531.033984820834,0.25255102040816313
3519.2038178293487,0.25255102040816313
3507.209300784619,0.25255102040816313
3499.0724667418913,0.25255102040816313
3515.1287874307313,0.23724489795918347
3525.954448373412,0.23724489795918347
3512.876197974201,0.2448979591836733
3502.015536406574,0.23724489795918355
3501.255017522544,0.22959183673469372
3514.5513039248635,0.23724489795918347
3548.630097770547,0.23724489795918347
3565.693851365899,0.23724489795918347
3543.974864551588,0.2448979591836733
3521.38140363643,0.2448979591836733
3506.87270969357,0.25255102040816313
3503.9158304338775,0.25255102040816313
3524.9008498746425,0.23724489795918347
3535.020759535403,0.23724489795918347
3518.9475621515885,0.25255102040816313
3500.5463387671516,0.25255102040816313
3486.7480604598495,0.2448979591836733
3491.8321303044986,0.2448979591836733
3527.3094654337265,0.23724489795918347
3549.8731637661394,0.23724489795918347
3534.824620739493,0.2448979591836733
3519.5720562315055,0.2448979591836733
3508.98614625792,0.2448979591836733
3499.4310805142904,0.2448979591836733
3510.5834355027505,0.23724489795918347
3525.3679614677058,0.23724489795918347
3517.760333105988,0.23724489795918347
3501.7103940292627,0.22193877551020397
3493.949019472254,0.22193877551020397
3497.668933089719,0.22959183673469372
3521.3295101147332,0.22959183673469372
3538.3073096788785,0.22959183673469372
3523.8661796801453,0.23724489795918355
3506.6964390970434,0.23724489795918355
3492.1701149920846,0.22959183673469372
3484.5063574643473,0.22959183673469372
3502.5223308622803,0.22959183673469372
3510.232997409273,0.22193877551020397
3491.188341260675,0.22193877551020397
3477.895382427584,0.22959183673469372
3473.5462604598288,0.22959183673469372
3473.6160076433252,0.22193877551020397
3489.5353653808943,0.22193877551020397
3502.9308719378005,0.21428571428571425
3494.1730325062144,0.21428571428571425
3488.3958452319375,0.22193877551020397
3482.2958845760495,0.22193877551020397
3469.738682391522,0.22959183673469372
3470.6176626328843,0.22959183673469372
3477.0722586303054,0.22959183673469372
3486.07442177162,0.22959183673469372
3497.445333166298,0.21428571428571425
3497.706290553355,0.21428571428571425
3490.586135880131,0.22959183673469372
3481.6747760212993,0.22959183673469372
3470.157138934297,0.21428571428571425
3463.097585155772,0.21428571428571425
3465.7111845004556,0.21428571428571425
3458.02949616507,0.21428571428571425
3444.8858594944895,0.21428571428571425
3451.3379625332286,0.21428571428571425
3465.3103296159316,0.21428571428571425
3468.1543466065355,0.21428571428571425
3469.6589766313264,0.21428571428571425
3467.0952201378363,0.21428571428571425
3464.8704954884324,0.21428571428571425
3489.857216359673,0.20663265306122441
3507.176781738292,0.20663265306122441
3488.561138072576,0.21428571428571425
3468.5393778759544,0.21428571428571425
3457.8562457261423,0.21428571428571425
3456.4584276876712,0.22959183673469372
3479.298442925143,0.22193877551020388
3484.3291029023903,0.20663265306122441
3467.25152402831,0.20663265306122441
3469.4064402317326,0.20663265306122441
3469.820294504811,0.20663265306122441
3459.764221379999,0.20663265306122441
3450.292175012625,0.21428571428571425
3435.290587555858,0.21428571428571425
3421.020861286176,0.20663265306122441
3412.5677850487637,0.20663265306122441
3410.1865407876453,0.19897959183673464
3418.9610497539734,0.19897959183673464
3448.264225626337,0.19897959183673464
3460.662514359782,0.19897959183673464
3444.649080605783,0.20663265306122441
3440.608181554663,0.20663265306122441
3427.0620612005764,0.20663265306122441
3407.5615991734376,0.20663265306122441
3415.5148193813225,0.19897959183673464
3429.5358907703635,0.19897959183673464
3422.565170739049,0.20663265306122441
3413.0860035839332,0.20663265306122441
3408.9651263708383,0.19897959183673464
3404.8580643260857,0.19897959183673464
3420.3702295191815,0.19897959183673464
3429.0125502870587,0.19897959183673464
3409.233083841502,0.19897959183673464
3399.4794654629677,0.19897959183673464
3388.828528194876,0.19897959183673464
3368.6871969239023,0.19897959183673464
3360.10313467983,0.1913265306122448
3354.6609200713165,0.1913265306122448
3352.187165929318,0.1913265306122448
3349.4426155642327,0.1913265306122448
3350.6055880359663,0.1913265306122448
3349.4839192856552,0.18367346938775508
3340.5091647191184,0.18367346938775508
3339.8332594915455,0.18367346938775508
3343.8685732999484,0.18367346938775508
3344.591127108752,0.18367346938775508
3345.8384391616914,0.18367346938775508
3344.767134424488,0.18367346938775508
3338.1500839055225,0.18367346938775508
3337.4758855001446,0.18367346938775508
3339.627400888249,0.18367346938775508
3339.647843529635,0.18367346938775508
3340.194499652784,0.17602040816326534
3347.7244475830657,0.17602040816326534
3346.472459890677,0.18367346938775508
3345.745420618762,0.18367346938775508
3343.845670258066,0.18367346938775508
3320.4068544418697,0.18367346938775508
3299.3774476318495,0.20663265306122458
3263.4343997904953,0.20663265306122458
3232.799367968169,0.1683673469387755
3244.846415669843,0.1454081632653061
3347.833757075354,0.11479591836734704
3489.0389286535246,0.1301020408163267
3557.1000388064913,0.16071428571428575
3548.6982876386546,0.1683673469387755
3514.023155999578,0.22193877551020416
3501.4381398686464,0.24489795918367338
3488.77607101816,0.22959183673469372
3498.0050974579035,0.22959183673469372
3508.8564645098804,0.22959183673469372
3515.7771055598896,0.22959183673469372
3535.2013938468913,0.22959183673469372
3544.534435568984,0.23724489795918347
3547.1316505019613,0.2448979591836733
3550.3745611082463,0.2448979591836733
3564.355921691434,0.23724489795918347
3568.086523184351,0.23724489795918347
3563.334778770254,0.2448979591836733
3564.788813340491,0.2448979591836733
3564.2668207600477,0.2448979591836733
3569.628475962089,0.2448979591836733
3589.3297614907015,0.23724489795918347
3599.1234980530116,0.23724489795918347
3587.9527210569586,0.2448979591836733
3578.7869389468706,0.252551020408163
3575.0000236256137,0.252551020408163
3580.7784477285886,0.252551020408163
3604.879475915188,0.24489795918367321
3615.584895725052,0.24489795918367321
3611.2302249874488,0.252551020408163
3608.465263900804,0.252551020408163
3596.1883406213165,0.252551020408163
3598.82981566097,0.252551020408163
3631.9476091048236,0.24489795918367321
3640.0584932235543,0.24489795918367321
3620.3853763824977,0.252551020408163
3599.8377320629515,0.252551020408163
3575.605835753059,0.252551020408163
3572.836361727953,0.252551020408163
3592.4053763162256,0.252551020408163
3590.734550918758,0.2831632653061223
3556.239807283904,0.2831632653061223
3532.6234358323145,0.2831632653061223
3520.0940628388125,0.2831632653061223
3503.8526889296177,0.2755102040816325
3494.54719002368,0.2678571428571427
3475.826730615355,0.2678571428571427
3451.480795393907,0.2678571428571427
3452.798773153734,0.26020408163265285
3466.291470915652,0.2448979591836733
3472.6796397465337,0.2295918367346938
3472.3304723092187,0.2295918367346938
3464.7632547895423,0.2295918367346938
3454.420011512083,0.2295918367346938
3461.6932619377294,0.22193877551020408
3469.6753750085427,0.22193877551020408
3468.0705516672865,0.22193877551020408
3466.1546653087025,0.22193877551020408
3455.4403766583237,0.22193877551020408
3446.095733144686,0.22193877551020408
3455.493132542399,0.22193877551020408
3470.3361533766847,0.21428571428571425
3470.5035504243333,0.21428571428571425
3466.512584462137,0.22193877551020408
3469.0187354773534,0.22193877551020408
3462.036598291291,0.21428571428571425
3453.7222100419203,0.22193877551020397
3452.7954675738747,0.22193877551020397
3454.720875543408,0.21428571428571425
3453.9937056004073,0.21428571428571425
3438.4660674271345,0.21428571428571425
3418.2267575777414,0.22193877551020408
3404.3305548006997,0.2295918367346938
3390.3148676099427,0.22193877551020397
3375.3176730430887,0.22193877551020397
3375.8811006869373,0.21428571428571425
3370.2155692301494,0.2066326530612245
3358.693565004707,0.2066326530612245
3360.0263873764934,0.2066326530612245
3365.9616201335502,0.2066326530612245
3375.7309556676964,0.2066326530612245
3390.6616621929206,0.2066326530612245
3396.511456939639,0.2066326530612245
3384.3852788586455,0.2066326530612245
3378.0224147661074,0.2066326530612245
3382.311316233338,0.2066326530612245
3398.7974242423647,0.2066326530612245
3435.295506645709,0.19897959183673466
3446.4345602989533,0.19897959183673466
3420.900076972448,0.2066326530612245
3405.0750034090424,0.2066326530612245
3399.2723370162976,0.2066326530612245
3401.247298648299,0.2066326530612245
3425.3481714050736,0.19897959183673466
3420.733312724618,0.19897959183673466
3382.7092144345706,0.21428571428571425
3352.5979532286738,0.21428571428571425
3331.6485439816533,0.2066326530612245
3330.3159585623566,0.19132653061224492
3343.2449538340925,0.18367346938775508
3335.37739507433,0.19132653061224492
3319.326431182928,0.19897959183673475
3313.6411321413484,0.19132653061224492
3305.02963751019,0.18367346938775508
3305.1140246755926,0.18367346938775508
3318.4414779463928,0.18367346938775508
3316.540071839432,0.19132653061224492
3298.3494954578828,0.19132653061224492
3293.616446103074,0.18367346938775508
3298.6061470689133,0.18367346938775508
3305.326948671197,0.18367346938775508
3316.9578192212584,0.18367346938775508
3316.5908618926464,0.19132653061224492
3304.8183999613816,0.19132653061224492
3301.425000745053,0.18367346938775508
3300.35422717453,0.18367346938775508
3303.002448232506,0.18367346938775508
3316.1942987149423,0.18367346938775508
3315.950898525508,0.19132653061224492
3300.8293689302327,0.19132653061224492
3293.119927245264,0.18367346938775508
3289.6402335979556,0.18367346938775508
3287.4267748819784,0.18367346938775508
3282.9442142380944,0.17602040816326525
3269.9613340633296,0.17602040816326525
3260.1815383052826,0.17602040816326534
3257.8392306817605,0.17602040816326534
3257.588794907585,0.16071428571428575
3258.026740407335,0.16071428571428575
3256.6868863934733,0.16071428571428575
3248.378324414102,0.16071428571428575
3235.0882956191435,0.16836734693877559
3240.006844889641,0.16071428571428575
3250.12458804537,0.15306122448979592
3257.3608791030592,0.16071428571428575
3262.0183240531856,0.16071428571428575
3260.157637138146,0.16071428571428575
3257.8123835117467,0.17602040816326534
3258.7801932369525,0.17602040816326534
3260.2630070719433,0.16071428571428575
3263.7748508266513,0.16071428571428575
3279.092499037548,0.16071428571428575
3286.5093183659164,0.16071428571428575
3277.2339078531886,0.17602040816326534
3279.1304042683205,0.17602040816326534
3288.853109018617,0.16071428571428575
3271.6626936919156,0.16071428571428575
3264.6562364286156,0.17602040816326534
3281.565932167467,0.17602040816326534
3277.0484909587176,0.18367346938775508
3249.659931471979,0.19132653061224492
3228.243960163719,0.2142857142857143
3179.8414913015376,0.19897959183673464
3135.2274844991375,0.15306122448979592
3148.9381153167215,0.1224489795918367
3258.5651422247647,0.09183673469387771
3400.3180711297446,0.12244897959183695
3462.778807476915,0.15306122448979592
3460.5051572432353,0.16836734693877559
3423.6515924162313,0.2142857142857143
3401.3994796943553,0.22193877551020408
3381.0136538016563,0.2066326530612245
3381.1591588969422,0.2066326530612245
3388.3936537625536,0.2066326530612245
3388.5747997748804,0.2066326530612245
3402.8854023198005,0.2066326530612245
3419.8657260799,0.2066326530612245
3434.7468587080834,0.2066326530612245
3441.9367935469118,0.2066326530612245
3450.8764570869134,0.2066326530612245
3440.558617983759,0.2066326530612245
3427.276841324152,0.2066326530612245
3438.3779431978473,0.2066326530612245
3450.4114058232235,0.19897959183673466
3462.330114242012,0.19897959183673466
3490.3413570251196,0.19897959183673466
3502.8270177180866,0.19897959183673466
3483.5943351829164,0.21428571428571425
3473.9343494165614,0.21428571428571425
3487.1254624855837,0.21428571428571425
3504.3521420598563,0.21428571428571425
3521.217910576657,0.21428571428571425
3519.800233942031,0.21428571428571425
3498.3852063949225,0.21428571428571425
3492.7598877575983,0.21428571428571425
3494.1039411718457,0.21428571428571425
3493.272255469138,0.21428571428571425
3504.7455189730154,0.21428571428571425
3510.3891723857246,0.21428571428571425
3498.6634317140633,0.21428571428571425
3493.9355406072973,0.22959183673469372
3496.4084610403606,0.22959183673469372
3507.3055396357067,0.22959183673469372
3536.201130633355,0.22959183673469372
3541.2323128253465,0.21428571428571425
3522.188189118262,0.21428571428571425
3508.164951297638,0.21428571428571425
3499.8556854835524,0.21428571428571425
3514.366069024275,0.21428571428571425
3546.6114833145516,0.21428571428571425
3549.8413732613208,0.22959183673469372
3534.8703905399807,0.22959183673469372
3529.363253988632,0.21428571428571425
3524.760455361168,0.21428571428571425
3522.8293678291047,0.21428571428571425
3529.1799871834546,0.21428571428571425
3530.0728020202823,0.21428571428571425
3518.6408046825472,0.21428571428571425
3507.0987471149565,0.21428571428571425
3501.3942992668462,0.21428571428571425
3509.604041403517,0.21428571428571425
3529.0765158638287,0.21428571428571425
3527.190737085328,0.21428571428571425
3500.2382734650246,0.21428571428571425
3480.868323907015,0.21428571428571425
3472.2487155032977,0.21428571428571425
3483.740755505335,0.21428571428571425
3516.4846514362025,0.20663265306122441
3521.935212282629,0.20663265306122441
3493.6210554368477,0.21428571428571425
3473.61657836046,0.21428571428571425
3466.955930663018,0.21428571428571425
3473.7340170709263,0.21428571428571425
3494.2729440519142,0.20663265306122441
3493.9429047261106,0.20663265306122441
3463.8128420449643,0.21428571428571425
3445.472404188112,0.21428571428571425
3443.0670669127685,0.19897959183673466
3443.9927904274355,0.19897959183673466
3447.8561950718968,0.19897959183673466
3433.779564352233,0.19897959183673466
3421.614097340975,0.19897959183673466
3430.405001525123,0.19897959183673466
3429.421756525452,0.19897959183673466
3427.2277770338515,0.19132653061224483
3435.313587825389,0.19132653061224483
3422.39811277246,0.19897959183673466
3406.1149000737314,0.19897959183673466
3416.422043006367,0.18367346938775508
3424.3633492112585,0.18367346938775508
3428.915893093582,0.18367346938775508
3444.801276967957,0.18367346938775508
3448.731286251758,0.19132653061224492
3456.2622702499766,0.19132653061224492
3471.8919266026546,0.19132653061224492
3462.8921267356036,0.19132653061224492
3463.2550948212825,0.19132653061224483
3490.8827641302423,0.19132653061224483
3498.8270508921405,0.19897959183673466
3493.8606826510295,0.19897959183673466
3492.8135282766225,0.19897959183673466
3484.7998090317933,0.19897959183673466
3474.0743746489256,0.19897959183673466
3461.046681513409,0.19897959183673466
3447.0264397729197,0.19897959183673466
3432.4256419688236,0.19897959183673466
3423.3203275428777,0.19132653061224483
3417.928221351619,0.19132653061224483
3408.589490843313,0.19132653061224483
3395.2730747959477,0.19132653061224483
3379.512719594918,0.18367346938775508
3366.430257143757,0.18367346938775508
3372.7834391699116,0.18367346938775508
3386.9228269581954,0.18367346938775508
3408.1771597854486,0.18367346938775508
3439.8903233334895,0.18367346938775508
3457.8150221288815,0.18367346938775508
3473.1179758881053,0.18367346938775508
3490.3468641612626,0.19132653061224492
3503.029873854006,0.19132653061224492
3528.821895706851,0.19132653061224483
3573.3348124907216,0.19132653061224483
3602.262635938764,0.19897959183673466
3603.412421732774,0.21428571428571425
3607.017517793953,0.22193877551020397
3626.916589303555,0.22193877551020397
3650.7222930149737,0.23724489795918347
3678.207201382108,0.23724489795918347
3681.7828234880503,0.23724489795918347
3665.900140307477,0.252551020408163
3660.6901562560197,0.252551020408163
3658.9961863052467,0.252551020408163
3657.7748412993924,0.252551020408163
3665.6384888118623,0.24489795918367321
3659.69224324059,0.24489795918367321
3631.1711679261234,0.252551020408163
3629.5846560525283,0.252551020408163
3650.6607115186584,0.252551020408163
3656.815863689283,0.252551020408163
3664.4597326682697,0.252551020408163
3662.9546220526126,0.252551020408163
3644.8164284482455,0.252551020408163
3647.8581884173386,0.252551020408163
3668.948814287011,0.252551020408163
3702.235084859796,0.252551020408163
3740.8025966898017,0.26020408163265285
3748.401456742174,0.2984693877551017
3732.8874714982608,0.2984693877551017
3739.7230530957913,0.29081632653061185
3778.226696248949,0.29081632653061185
3794.517175844605,0.2984693877551017
3785.749320540768,0.3061224489795915
3775.922727678164,0.3061224489795915
3755.145528075185,0.31377551020408134
3720.467439369744,0.3061224489795916
3680.4836741329445,0.3290816326530611
3631.944696967503,0.3061224489795918
3586.9393941296075,0.252551020408163
3532.239856481491,0.22959183673469372
2936.7141746965963,0.22959183673469363
2091.74591350605,0.24489795918367302
1685.7855162100466,0.19897959183673442
1481.0166856195247,0.09183673469387746
1339.3280120109189,-0.13010204081632654
1228.7482562318537,-0.2556122448979592
1132.4076957952702,-0.12551020408163263
1051.1784529010324,-0.12551020408163263
981.1325910472199,-0.12551020408163263
917.4817496666344,-0.12551020408163263
860.3727695694004,-0.12551020408163263
809.6216883223162,-0.12551020408163263
766.4316477208163,-0.12551020408163263
726.78509472529,-0.12551020408163263
690.9980620796139,-0.12551020408163263
658.7541261135118,-0.12551020408163263
629.7735850830766,-0.12551020408163263
603.6016712973599,-0.12551020408163263
579.8325929850723,-0.12551020408163263
558.1531280693034,-0.12551020408163263
538.4312541809566,-0.12551020408163263
520.4514032701718,-0.12551020408163263
503.9091554057723,-0.12551020408163263
489.2916093503851,-0.12551020408163263
475.99032700101395,-0.12551020408163263
463.3463603702378,-0.12551020408163263
451.545865864862,-0.12551020408163263
440.3729507473073,-0.12551020408163263
431.37285123749604,-0.12551020408163263
428.20627372087586,-0.12551020408163263
434.8729898407593,-0.12551020408163263
439.8589636568784,-0.12551020408163263
426.24069596252576,-0.12551020408163263
422.1679181559295,-0.12551020408163263
444.1951468832648,-0.12551020408163263
479.5927131273246,-0.12551020408163263
523.4283303288478,-0.12551020408163263
571.3632675428988,-0.12551020408163263
633.6811589073443,-0.12551020408163263
699.3282654498482,-0.12551020408163263
776.5503719198477,-0.12551020408163263
870.9470050665806,-0.12551020408163263
952.9082393039671,-0.12551020408163263
914.1044481437008,-0.12551020408163263
873.2659253445867,-0.12551020408163263
964.67339906942,-0.12551020408163263
1097.4814386156422,-0.12551020408163263
1215.0535633729573,-0.12551020408163263
1353.0998318809634,-0.12551020408163263
1512.5331377045882,-0.12551020408163263
1497.1200552550672,-0.12551020408163263
908.9002508383971,-0.12551020408163263
400.0,-0.12551020408163263
400.0,-0.12551020408163263
400.0,-0.12551020408163263
400.0,-0.12551020408163263
400.0,-0.12551020408163263
400.0,-0.12551020408163263
400.0,-0.12551020408163263
400.0,-0.12551020408163263
400.0,-0.12551020408163263
400.0,-0.12551020408163263
400.0,-0.12551020408163263
400.0,-0.12551020408163263
400.0,-0.12551020408163263
400.0,-0.12551020408163263
400.0,-0.12551020408163263
400.0,-0.12551020408163263
400.0,-0.12551020408163263
400.0,-0.12551020408163263
400.0,-0.12551020408163263
400.0,-0.12551020408163263
400.0,-0.12551020408163263
400.0,-0.12551020408163263
400.0,-0.12551020408163263
400.0,-0.12551020408163263
400.0,-0.12551020408163263
400.0,-0.12551020408163263
400.0,-0.12551020408163263
400.0,-0.12551020408163263
400.0,-0.12551020408163263
400.0,-0.12551020408163263
400.0,-0.12551020408163263
400.0,-0.12551020408163263
400.0,-0.12551020408163263
400.0,-0.12551020408163263
400.0,-0.12551020408163263
400.0,-0.12551020408163263
400.0,-0.12551020408163263
400.0,-0.12551020408163263
400.0,-0.12551020408163263
400.0,-0.12551020408163263
400.0,-0.12551020408163263
400.0,-0.12551020408163263
400.0,-0.12551020408163263
400.0,-0.12551020408163263
400.0,-0.12551020408163263
400.0,-0.12551020408163263
400.0,-0.12551020408163263
400.0,-0.12551020408163263
400.0,-0.12551020408163263
400.0,-0.12551020408163263
400.0,-0.12551020408163263
400.0,-0.12551020408163263
400.0,-0.12551020408163263
400.0,-0.12551020408163263
400.0,-0.12551020408163263
400.0,-0.12551020408163263
400.0,-0.12551020408163263
400.0,-0.12551020408163263
400.0,-0.12551020408163263
400.0,-0.12551020408163263
400.0,-0.12551020408163263
400.0,-0.12551020408163263
400.0,-0.12551020408163263
400.0,-0.12551020408163263
400.0,-0.12551020408163263
400.0,-0.12551020408163263
400.0,-0.12551020408163263
400.0,-0.12551020408163263
400.0,-0.12551020408163263
400.0,-0.12551020408163263
400.0,-0.12551020408163263
400.0,-0.12551020408163263
400.0,-0.12551020408163263
400.0,-0.12551020408163263
400.0,-0.12551020408163263
400.0,-0.12551020408163263
400.0,-0.12551020408163263
400.0,-0.12551020408163263
400.0,-0.12551020408163263
400.0,-0.12551020408163263
400.0,-0.12551020408163263
400.0,-0.12551020408163263
400.0,-0.12551020408163263
400.0,-0.12551020408163263
400.0,-0.12551020408163263
400.0,-0.12551020408163263
400.0,-0.12551020408163263
400.0,-0.12551020408163263
400.0,-0.12551020408163263
400.0,-0.12551020408163263
400.0,-0.12551020408163263
400.0,-0.12551020408163263
400.0,-0.12551020408163263
400.0,-0.12551020408163263
400.0,-0.12551020408163263
400.0,-0.12551020408163263
400.0,-0.12551020408163263
400.0,-0.12551020408163263
400.0,-0.12551020408163263
